0.804 0.811 0.866 0.921 0.865 0.808 0.764 0.785 0.759 0.723 0.71 0.744 A
0.828 0.854 0.888 0.893 0.786 0.671 0.606 0.598 0.619 0.636 0.657 0.716 A
0.776 0.806 0.855 0.914 0.935 0.939 0.882 0.812 0.771 0.731 0.69 0.691 A
0.83 0.802 0.806 0.831 0.78 0.733 0.716 0.628 0.554 0.569 0.632 0.753 A
0.804 0.86 0.911 0.955 0.944 0.91 0.877 0.838 0.777 0.724 0.682 0.683 A
0.772 0.819 0.87 0.93 0.934 0.903 0.841 0.807 0.779 0.747 0.7 0.684 A
0.768 0.787 0.815 0.882 0.879 0.836 0.793 0.796 0.793 0.763 0.695 0.688 A
0.774 0.761 0.803 0.86 0.821 0.794 0.77 0.793 0.786 0.75 0.704 0.7 A
0.87 0.8 0.721 0.729 0.745 0.702 0.7 0.755 0.76 0.757 0.711 0.742 A
0.843 0.84 0.835 0.866 0.865 0.814 0.796 0.816 0.772 0.731 0.676 0.703 A
0.838 0.778 0.737 0.773 0.854 0.785 0.753 0.8 0.765 0.76 0.717 0.723 A
0.756 0.79 0.814 0.869 0.945 0.915 0.879 0.879 0.81 0.763 0.694 0.644 A
0.792 0.698 0.577 0.511 0.619 0.656 0.597 0.691 0.668 0.69 0.813 0.722 A
0.741 0.774 0.752 0.769 0.854 0.908 0.862 0.832 0.738 0.688 0.759 0.724 A
0.795 0.809 0.755 0.73 0.771 0.837 0.783 0.74 0.704 0.67 0.827 0.92 A
0.807 0.749 0.709 0.725 0.718 0.691 0.647 0.637 0.645 0.659 0.764 0.877 A
0.772 0.75 0.82 0.826 0.782 0.819 0.873 0.823 0.741 0.696 0.713 0.843 A
0.873 0.552 0.493 0.499 0.543 0.577 0.606 0.598 0.535 0.576 0.7 0.933 A
0.795 0.689 0.714 0.775 0.784 0.791 0.836 0.887 0.776 0.752 0.746 0.749 A
0.761 0.611 0.572 0.646 0.699 0.658 0.641 0.692 0.656 0.685 0.819 0.823 A
0.783 0.815 0.808 0.873 0.92 0.898 0.85 0.843 0.808 0.735 0.735 0.723 A
0.731 0.61 0.615 0.709 0.752 0.683 0.71 0.788 0.679 0.576 0.641 0.8 A
0.708 0.636 0.599 0.667 0.797 0.891 0.763 0.606 0.624 0.668 0.654 0.701 A
0.862 0.881 0.822 0.854 0.89 0.815 0.801 0.696 0.653 0.69 0.729 0.756 A
0.785 0.844 0.778 0.796 0.85 0.896 0.855 0.72 0.692 0.76 0.732 0.678 A
0.696 0.682 0.735 0.819 0.873 0.907 0.848 0.879 0.91 0.847 0.679 0.643 A
0.647 0.56 0.623 0.723 0.876 0.763 0.673 0.661 0.667 0.595 0.653 0.809 A
0.636 0.622 0.703 0.781 0.884 0.932 0.804 0.709 0.671 0.633 0.589 0.602 A
0.733 0.81 0.867 0.926 0.971 0.978 0.926 0.853 0.786 0.74 0.695 0.646 A
0.697 0.776 0.856 0.921 0.962 0.95 0.89 0.852 0.813 0.763 0.711 0.632 A
0.715 0.798 0.873 0.944 0.982 0.975 0.92 0.855 0.789 0.732 0.67 0.617 A
0.438 0.45 0.488 0.553 0.852 0.894 0.781 0.823 0.673 0.549 0.514 0.475 A
0.393 0.452 0.524 0.768 0.956 0.689 0.589 0.578 0.647 0.596 0.432 0.35 A
0.622 0.594 0.465 0.699 0.893 0.59 0.526 0.511 0.519 0.51 0.373 0.4 A
0.693 0.755 0.842 0.91 0.931 0.916 0.91 0.873 0.815 0.734 0.639 0.603 A
0.733 0.781 0.844 0.924 0.905 0.859 0.786 0.749 0.737 0.792 0.841 0.75 A
0.703 0.682 0.717 0.778 0.806 0.732 0.665 0.717 0.762 0.756 0.753 0.687 A
