Interacao: 0
              precision    recall  f1-score   support

           A       0.58      0.64      0.61      1055
       A:min       0.60      0.51      0.55      1117
          Ab       0.71      0.63      0.67       865
           B       0.56      0.50      0.53      1068
       B:min       0.61      0.62      0.62      1053
          Bb       0.66      0.68      0.67      1007
           C       0.63      0.62      0.63      1052
      C#:min       0.77      0.70      0.73      1028
           D       0.55      0.56      0.55      1055
         D/5       0.54      0.49      0.51       691
       D:min       0.64      0.80      0.71      1040
           E       0.65      0.64      0.64      1023
       E:min       0.56      0.62      0.59      1074
          Eb       0.73      0.73      0.73      1034
           F       0.68      0.73      0.70      1044
          F#       0.72      0.64      0.68       843
      F#:min       0.66      0.63      0.65      1089
           G       0.64      0.65      0.64      1027
         G:7       0.54      0.60      0.57      1005
           N       0.57      0.55      0.56      1036

    accuracy                           0.63     20206
   macro avg       0.63      0.63      0.63     20206
weighted avg       0.63      0.63      0.63     20206

Interacao: 1
              precision    recall  f1-score   support

           A       0.62      0.58      0.60      1091
       A:min       0.60      0.51      0.55      1065
          Ab       0.68      0.64      0.66       830
           B       0.54      0.51      0.52      1070
       B:min       0.60      0.61      0.60      1062
          Bb       0.63      0.70      0.66      1014
           C       0.61      0.67      0.64      1061
      C#:min       0.78      0.72      0.75      1013
           D       0.51      0.59      0.55      1024
         D/5       0.58      0.55      0.56       700
       D:min       0.73      0.75      0.74      1053
           E       0.61      0.63      0.62      1022
       E:min       0.58      0.63      0.60      1035
          Eb       0.77      0.72      0.74      1019
           F       0.70      0.70      0.70      1057
          F#       0.66      0.65      0.66       849
      F#:min       0.65      0.63      0.64      1051
           G       0.64      0.65      0.65      1083
         G:7       0.55      0.60      0.58      1075
           N       0.63      0.54      0.58      1032

    accuracy                           0.63     20206
   macro avg       0.63      0.63      0.63     20206
weighted avg       0.63      0.63      0.63     20206

Interacao: 2
              precision    recall  f1-score   support

           A       0.62      0.58      0.60      1064
       A:min       0.64      0.52      0.57      1075
          Ab       0.73      0.66      0.69       847
           B       0.53      0.49      0.51      1024
       B:min       0.58      0.60      0.59      1038
          Bb       0.63      0.70      0.66      1044
           C       0.62      0.69      0.65      1046
      C#:min       0.77      0.68      0.72      1023
           D       0.56      0.56      0.56      1074
         D/5       0.52      0.57      0.55       686
       D:min       0.67      0.78      0.72       998
           E       0.63      0.64      0.63      1040
       E:min       0.57      0.62      0.60      1057
          Eb       0.76      0.75      0.76      1018
           F       0.66      0.73      0.70      1057
          F#       0.68      0.63      0.66       840
      F#:min       0.65      0.67      0.66      1135
           G       0.66      0.64      0.65      1036
         G:7       0.55      0.60      0.57      1044
           N       0.60      0.50      0.55      1060

    accuracy                           0.63     20206
   macro avg       0.63      0.63      0.63     20206
weighted avg       0.63      0.63      0.63     20206

Interacao: 3
              precision    recall  f1-score   support

           A       0.61      0.61      0.61      1076
       A:min       0.60      0.53      0.56      1084
          Ab       0.68      0.64      0.66       782
           B       0.51      0.50      0.50      1052
       B:min       0.62      0.60      0.61      1040
          Bb       0.66      0.67      0.67      1058
           C       0.59      0.68      0.63      1036
      C#:min       0.77      0.72      0.74      1024
           D       0.49      0.62      0.55      1003
         D/5       0.62      0.51      0.56       768
       D:min       0.72      0.73      0.72      1079
           E       0.64      0.67      0.66      1077
       E:min       0.57      0.59      0.58       982
          Eb       0.81      0.71      0.76      1037
           F       0.66      0.72      0.69      1066
          F#       0.70      0.62      0.66       886
      F#:min       0.66      0.64      0.65      1048
           G       0.62      0.65      0.63      1049
         G:7       0.55      0.59      0.57      1024
           N       0.60      0.52      0.56      1035

    accuracy                           0.63     20206
   macro avg       0.63      0.63      0.63     20206
weighted avg       0.63      0.63      0.63     20206

Interacao: 4
              precision    recall  f1-score   support

           A       0.61      0.59      0.60      1082
       A:min       0.54      0.55      0.54      1057
          Ab       0.71      0.62      0.66       836
           B       0.50      0.56      0.53      1050
       B:min       0.61      0.58      0.60      1052
          Bb       0.64      0.67      0.65      1020
           C       0.67      0.61      0.64      1037
      C#:min       0.75      0.69      0.72      1059
           D       0.58      0.54      0.56      1029
         D/5       0.56      0.54      0.55       711
       D:min       0.71      0.76      0.74      1011
           E       0.62      0.65      0.63      1016
       E:min       0.56      0.63      0.59      1042
          Eb       0.76      0.76      0.76      1039
           F       0.68      0.72      0.70      1097
          F#       0.65      0.60      0.63       849
      F#:min       0.63      0.66      0.64      1072
           G       0.65      0.65      0.65      1051
         G:7       0.53      0.60      0.56      1052
           N       0.62      0.53      0.57      1044

    accuracy                           0.63     20206
   macro avg       0.63      0.63      0.63     20206
weighted avg       0.63      0.63      0.63     20206

Interacao: 5
              precision    recall  f1-score   support

           A       0.59      0.63      0.61      1089
       A:min       0.60      0.55      0.57      1080
          Ab       0.69      0.67      0.68       847
           B       0.56      0.47      0.51      1029
       B:min       0.57      0.66      0.61      1044
          Bb       0.65      0.73      0.69      1044
           C       0.62      0.66      0.64      1037
      C#:min       0.75      0.72      0.73      1032
           D       0.57      0.59      0.58      1078
         D/5       0.60      0.53      0.56       692
       D:min       0.73      0.78      0.75      1074
           E       0.63      0.62      0.63      1058
       E:min       0.56      0.54      0.55      1014
          Eb       0.76      0.69      0.72      1005
           F       0.66      0.74      0.70      1061
          F#       0.69      0.65      0.67       862
      F#:min       0.64      0.64      0.64      1046
           G       0.63      0.67      0.65      1065
         G:7       0.56      0.57      0.56      1025
           N       0.60      0.54      0.57      1024

    accuracy                           0.63     20206
   macro avg       0.63      0.63      0.63     20206
weighted avg       0.63      0.63      0.63     20206

Interacao: 6
              precision    recall  f1-score   support

           A       0.62      0.58      0.60      1052
       A:min       0.59      0.56      0.57      1058
          Ab       0.72      0.63      0.67       816
           B       0.56      0.48      0.52      1060
       B:min       0.60      0.61      0.60      1030
          Bb       0.64      0.71      0.67       998
           C       0.60      0.65      0.62      1048
      C#:min       0.76      0.70      0.73      1100
           D       0.53      0.59      0.56      1065
         D/5       0.52      0.51      0.51       718
       D:min       0.71      0.76      0.73      1107
           E       0.67      0.62      0.64      1057
       E:min       0.61      0.60      0.61      1062
          Eb       0.74      0.76      0.75      1004
           F       0.68      0.72      0.70      1053
          F#       0.64      0.67      0.66       837
      F#:min       0.63      0.61      0.62       994
           G       0.63      0.70      0.66      1052
         G:7       0.57      0.57      0.57      1070
           N       0.60      0.56      0.58      1025

    accuracy                           0.63     20206
   macro avg       0.63      0.63      0.63     20206
weighted avg       0.63      0.63      0.63     20206

Interacao: 7
              precision    recall  f1-score   support

           A       0.61      0.56      0.58      1049
       A:min       0.57      0.59      0.58      1076
          Ab       0.68      0.63      0.66       796
           B       0.57      0.47      0.52      1043
       B:min       0.58      0.66      0.62      1051
          Bb       0.68      0.66      0.67      1041
           C       0.60      0.67      0.64      1028
      C#:min       0.74      0.71      0.72      1029
           D       0.56      0.57      0.57      1036
         D/5       0.58      0.53      0.56       735
       D:min       0.67      0.80      0.73      1042
           E       0.64      0.61      0.63      1051
       E:min       0.61      0.60      0.60      1106
          Eb       0.77      0.72      0.75       983
           F       0.72      0.73      0.72      1085
          F#       0.66      0.70      0.68       854
      F#:min       0.67      0.61      0.64      1071
           G       0.61      0.67      0.64      1047
         G:7       0.55      0.61      0.58      1047
           N       0.63      0.54      0.58      1036

    accuracy                           0.63     20206
   macro avg       0.63      0.63      0.63     20206
weighted avg       0.63      0.63      0.63     20206

Interacao: 8
              precision    recall  f1-score   support

           A       0.59      0.59      0.59      1036
       A:min       0.58      0.53      0.55      1052
          Ab       0.67      0.61      0.63       809
           B       0.54      0.50      0.52      1059
       B:min       0.62      0.58      0.60      1027
          Bb       0.66      0.68      0.67      1093
           C       0.61      0.66      0.63      1029
      C#:min       0.75      0.69      0.72      1054
           D       0.53      0.54      0.54      1065
         D/5       0.53      0.62      0.57       701
       D:min       0.69      0.76      0.72      1054
           E       0.59      0.61      0.60      1017
       E:min       0.56      0.59      0.57      1077
          Eb       0.73      0.74      0.73      1014
           F       0.66      0.74      0.70      1037
          F#       0.71      0.64      0.68       859
      F#:min       0.67      0.64      0.65      1046
           G       0.63      0.65      0.64      1063
         G:7       0.56      0.60      0.58      1076
           N       0.63      0.52      0.57      1038

    accuracy                           0.62     20206
   macro avg       0.63      0.62      0.62     20206
weighted avg       0.63      0.62      0.62     20206

Interacao: 9
              precision    recall  f1-score   support

           A       0.61      0.59      0.60      1062
       A:min       0.57      0.54      0.55      1054
          Ab       0.67      0.62      0.64       828
           B       0.57      0.48      0.52      1050
       B:min       0.59      0.62      0.60      1063
          Bb       0.65      0.67      0.66      1024
           C       0.61      0.66      0.64      1046
      C#:min       0.73      0.69      0.71      1093
           D       0.53      0.60      0.56      1030
         D/5       0.54      0.53      0.54       699
       D:min       0.71      0.74      0.73      1028
           E       0.57      0.68      0.62      1077
       E:min       0.60      0.56      0.58      1082
          Eb       0.76      0.74      0.75       991
           F       0.67      0.71      0.69      1024
          F#       0.66      0.67      0.67       827
      F#:min       0.63      0.62      0.62      1004
           G       0.63      0.65      0.64      1073
         G:7       0.56      0.54      0.55      1042
           N       0.62      0.55      0.58      1109

    accuracy                           0.62     20206
   macro avg       0.62      0.62      0.62     20206
weighted avg       0.62      0.62      0.62     20206

Interacao: 10
              precision    recall  f1-score   support

           A       0.62      0.60      0.61      1042
       A:min       0.57      0.55      0.56      1084
          Ab       0.68      0.68      0.68       780
           B       0.57      0.47      0.51      1069
       B:min       0.57      0.64      0.60      1062
          Bb       0.64      0.69      0.67      1025
           C       0.63      0.67      0.65      1060
      C#:min       0.73      0.69      0.71      1014
           D       0.55      0.56      0.56      1066
         D/5       0.57      0.51      0.54       740
       D:min       0.73      0.76      0.75      1055
           E       0.63      0.65      0.64      1079
       E:min       0.57      0.61      0.59      1032
          Eb       0.77      0.74      0.76      1023
           F       0.68      0.75      0.71      1050
          F#       0.67      0.60      0.63       852
      F#:min       0.63      0.65      0.64      1005
           G       0.61      0.65      0.63      1045
         G:7       0.55      0.56      0.55      1064
           N       0.62      0.54      0.58      1059

    accuracy                           0.63     20206
   macro avg       0.63      0.63      0.63     20206
weighted avg       0.63      0.63      0.63     20206

Interacao: 11
              precision    recall  f1-score   support

           A       0.60      0.59      0.60      1034
       A:min       0.58      0.54      0.56      1041
          Ab       0.72      0.66      0.69       804
           B       0.52      0.51      0.51      1054
       B:min       0.64      0.60      0.62      1074
          Bb       0.67      0.70      0.68      1109
           C       0.63      0.65      0.64      1019
      C#:min       0.74      0.68      0.71      1103
           D       0.52      0.63      0.57      1023
         D/5       0.55      0.56      0.55       731
       D:min       0.75      0.72      0.73      1060
           E       0.65      0.60      0.62      1107
       E:min       0.55      0.61      0.58      1021
          Eb       0.75      0.73      0.74      1021
           F       0.66      0.76      0.71      1072
          F#       0.69      0.66      0.67       838
      F#:min       0.64      0.65      0.65      1023
           G       0.68      0.63      0.66      1013
         G:7       0.54      0.64      0.59      1023
           N       0.62      0.51      0.56      1036

    accuracy                           0.63     20206
   macro avg       0.64      0.63      0.63     20206
weighted avg       0.64      0.63      0.63     20206

Interacao: 12
              precision    recall  f1-score   support

           A       0.59      0.60      0.60      1050
       A:min       0.56      0.57      0.57      1026
          Ab       0.75      0.64      0.69       848
           B       0.56      0.49      0.52      1073
       B:min       0.61      0.60      0.60      1026
          Bb       0.65      0.70      0.68      1055
           C       0.61      0.66      0.63      1083
      C#:min       0.77      0.72      0.75      1069
           D       0.57      0.57      0.57      1030
         D/5       0.60      0.51      0.55       695
       D:min       0.70      0.79      0.74      1056
           E       0.63      0.67      0.65      1043
       E:min       0.55      0.62      0.58      1067
          Eb       0.74      0.74      0.74       994
           F       0.68      0.72      0.70      1035
          F#       0.66      0.68      0.67       842
      F#:min       0.66      0.62      0.64      1048
           G       0.60      0.66      0.63      1067
         G:7       0.56      0.57      0.56      1047
           N       0.65      0.50      0.57      1052

    accuracy                           0.63     20206
   macro avg       0.64      0.63      0.63     20206
weighted avg       0.63      0.63      0.63     20206

Interacao: 13
              precision    recall  f1-score   support

           A       0.57      0.60      0.58      1061
       A:min       0.61      0.56      0.58      1029
          Ab       0.69      0.66      0.68       799
           B       0.57      0.48      0.52      1056
       B:min       0.59      0.63      0.61      1032
          Bb       0.64      0.73      0.68      1062
           C       0.60      0.67      0.63      1027
      C#:min       0.79      0.68      0.73      1056
           D       0.56      0.56      0.56      1082
         D/5       0.57      0.48      0.52       687
       D:min       0.66      0.77      0.71      1023
           E       0.59      0.65      0.62      1031
       E:min       0.56      0.58      0.57      1068
          Eb       0.75      0.70      0.72      1048
           F       0.65      0.76      0.71      1084
          F#       0.67      0.65      0.66       820
      F#:min       0.65      0.59      0.62      1092
           G       0.63      0.64      0.64      1036
         G:7       0.57      0.56      0.56      1020
           N       0.62      0.53      0.57      1093

    accuracy                           0.63     20206
   macro avg       0.63      0.62      0.62     20206
weighted avg       0.63      0.63      0.62     20206

Interacao: 14
              precision    recall  f1-score   support

           A       0.58      0.62      0.60      1055
       A:min       0.61      0.58      0.59      1090
          Ab       0.68      0.66      0.67       784
           B       0.59      0.52      0.55      1124
       B:min       0.61      0.61      0.61      1041
          Bb       0.68      0.68      0.68      1061
           C       0.61      0.68      0.64      1056
      C#:min       0.75      0.70      0.72      1045
           D       0.53      0.57      0.55       992
         D/5       0.59      0.51      0.55       734
       D:min       0.69      0.73      0.71      1034
           E       0.66      0.67      0.66      1084
       E:min       0.58      0.56      0.57      1084
          Eb       0.77      0.76      0.77      1017
           F       0.69      0.71      0.70      1061
          F#       0.67      0.63      0.65       817
      F#:min       0.66      0.66      0.66      1039
           G       0.61      0.66      0.64      1013
         G:7       0.56      0.61      0.58      1050
           N       0.59      0.54      0.57      1025

    accuracy                           0.63     20206
   macro avg       0.63      0.63      0.63     20206
weighted avg       0.63      0.63      0.63     20206

Interacao: 15
              precision    recall  f1-score   support

           A       0.58      0.58      0.58      1068
       A:min       0.57      0.53      0.55      1043
          Ab       0.68      0.64      0.66       801
           B       0.61      0.48      0.54      1073
       B:min       0.59      0.61      0.60      1020
          Bb       0.64      0.68      0.66      1034
           C       0.59      0.66      0.62      1032
      C#:min       0.78      0.70      0.74      1087
           D       0.57      0.59      0.58      1027
         D/5       0.57      0.55      0.56       748
       D:min       0.70      0.80      0.74      1056
           E       0.63      0.62      0.62      1037
       E:min       0.55      0.63      0.59      1084
          Eb       0.76      0.73      0.75      1023
           F       0.66      0.76      0.71      1028
          F#       0.64      0.65      0.64       807
      F#:min       0.65      0.62      0.64      1042
           G       0.66      0.63      0.64      1045
         G:7       0.58      0.60      0.59      1108
           N       0.60      0.50      0.54      1043

    accuracy                           0.63     20206
   macro avg       0.63      0.63      0.63     20206
weighted avg       0.63      0.63      0.63     20206

Interacao: 16
              precision    recall  f1-score   support

           A       0.58      0.61      0.59      1029
       A:min       0.55      0.57      0.56      1042
          Ab       0.72      0.63      0.67       862
           B       0.58      0.51      0.55      1053
       B:min       0.63      0.56      0.60      1044
          Bb       0.66      0.72      0.69      1027
           C       0.64      0.65      0.65      1040
      C#:min       0.71      0.72      0.71      1047
           D       0.53      0.56      0.54      1059
         D/5       0.56      0.57      0.57       710
       D:min       0.70      0.76      0.73      1025
           E       0.60      0.68      0.64      1010
       E:min       0.64      0.59      0.61      1131
          Eb       0.78      0.74      0.76      1016
           F       0.66      0.74      0.70      1030
          F#       0.66      0.66      0.66       873
      F#:min       0.66      0.61      0.63      1053
           G       0.66      0.64      0.65      1065
         G:7       0.53      0.62      0.57      1025
           N       0.63      0.51      0.57      1065

    accuracy                           0.63     20206
   macro avg       0.63      0.63      0.63     20206
weighted avg       0.63      0.63      0.63     20206

Interacao: 17
              precision    recall  f1-score   support

           A       0.62      0.59      0.60      1049
       A:min       0.58      0.52      0.55      1027
          Ab       0.71      0.64      0.67       803
           B       0.54      0.51      0.53      1090
       B:min       0.63      0.61      0.62      1037
          Bb       0.70      0.71      0.70      1057
           C       0.59      0.69      0.64      1074
      C#:min       0.75      0.70      0.73      1047
           D       0.54      0.57      0.56      1020
         D/5       0.53      0.55      0.54       741
       D:min       0.67      0.78      0.73      1060
           E       0.60      0.63      0.62       992
       E:min       0.58      0.58      0.58      1051
          Eb       0.75      0.75      0.75      1008
           F       0.68      0.73      0.70      1071
          F#       0.68      0.67      0.67       851
      F#:min       0.67      0.62      0.64      1058
           G       0.65      0.67      0.66      1041
         G:7       0.56      0.61      0.59      1056
           N       0.61      0.50      0.55      1073

    accuracy                           0.63     20206
   macro avg       0.63      0.63      0.63     20206
weighted avg       0.63      0.63      0.63     20206

Interacao: 18
              precision    recall  f1-score   support

           A       0.60      0.58      0.59      1035
       A:min       0.60      0.54      0.57      1040
          Ab       0.70      0.62      0.66       813
           B       0.56      0.51      0.53      1019
       B:min       0.61      0.59      0.60      1057
          Bb       0.67      0.68      0.68      1034
           C       0.65      0.65      0.65      1067
      C#:min       0.74      0.71      0.73      1057
           D       0.56      0.56      0.56      1077
         D/5       0.57      0.51      0.54       708
       D:min       0.68      0.78      0.73      1061
           E       0.60      0.67      0.64      1043
       E:min       0.59      0.64      0.61      1069
          Eb       0.77      0.77      0.77      1048
           F       0.67      0.74      0.71      1030
          F#       0.70      0.63      0.67       893
      F#:min       0.61      0.66      0.63      1009
           G       0.67      0.66      0.66      1056
         G:7       0.56      0.63      0.59      1046
           N       0.60      0.55      0.58      1044

    accuracy                           0.64     20206
   macro avg       0.64      0.63      0.63     20206
weighted avg       0.64      0.64      0.64     20206

Interacao: 19
              precision    recall  f1-score   support

           A       0.58      0.61      0.60      1050
       A:min       0.57      0.54      0.56      1061
          Ab       0.68      0.63      0.65       810
           B       0.58      0.46      0.52      1066
       B:min       0.61      0.59      0.60      1048
          Bb       0.66      0.68      0.67      1106
           C       0.62      0.66      0.64      1082
      C#:min       0.77      0.70      0.74      1050
           D       0.51      0.59      0.54       991
         D/5       0.57      0.50      0.53       736
       D:min       0.76      0.77      0.76      1084
           E       0.62      0.64      0.63      1014
       E:min       0.52      0.61      0.56       983
          Eb       0.76      0.73      0.74      1009
           F       0.69      0.73      0.71      1032
          F#       0.67      0.67      0.67       858
      F#:min       0.65      0.65      0.65      1058
           G       0.62      0.65      0.63      1065
         G:7       0.54      0.58      0.56      1076
           N       0.63      0.54      0.58      1027

    accuracy                           0.63     20206
   macro avg       0.63      0.63      0.63     20206
weighted avg       0.63      0.63      0.63     20206

Interacao: 20
              precision    recall  f1-score   support

           A       0.64      0.52      0.57      1047
       A:min       0.58      0.53      0.55      1068
          Ab       0.68      0.63      0.65       819
           B       0.56      0.51      0.54      1068
       B:min       0.60      0.64      0.62      1053
          Bb       0.66      0.66      0.66      1055
           C       0.59      0.69      0.64       999
      C#:min       0.74      0.68      0.71      1077
           D       0.51      0.64      0.57      1027
         D/5       0.52      0.59      0.55       699
       D:min       0.73      0.75      0.74      1040
           E       0.61      0.67      0.64      1047
       E:min       0.59      0.61      0.60      1048
          Eb       0.80      0.68      0.74      1027
           F       0.69      0.74      0.72      1092
          F#       0.62      0.67      0.64       865
      F#:min       0.62      0.64      0.63      1014
           G       0.65      0.62      0.63      1060
         G:7       0.59      0.58      0.58      1042
           N       0.65      0.53      0.58      1059

    accuracy                           0.63     20206
   macro avg       0.63      0.63      0.63     20206
weighted avg       0.63      0.63      0.63     20206

Interacao: 21
              precision    recall  f1-score   support

           A       0.63      0.62      0.62      1071
       A:min       0.58      0.53      0.55      1052
          Ab       0.73      0.62      0.67       838
           B       0.55      0.51      0.53      1070
       B:min       0.62      0.59      0.61      1059
          Bb       0.66      0.67      0.66      1012
           C       0.63      0.66      0.64      1060
      C#:min       0.78      0.71      0.74      1074
           D       0.54      0.57      0.55      1024
         D/5       0.54      0.55      0.54       697
       D:min       0.69      0.77      0.73      1011
           E       0.60      0.67      0.63      1073
       E:min       0.55      0.65      0.59      1038
          Eb       0.76      0.73      0.74       990
           F       0.64      0.74      0.69      1027
          F#       0.70      0.63      0.66       871
      F#:min       0.64      0.68      0.66      1016
           G       0.64      0.64      0.64      1092
         G:7       0.58      0.58      0.58      1066
           N       0.67      0.51      0.58      1065

    accuracy                           0.63     20206
   macro avg       0.63      0.63      0.63     20206
weighted avg       0.63      0.63      0.63     20206

Interacao: 22
              precision    recall  f1-score   support

           A       0.62      0.59      0.60      1102
       A:min       0.61      0.56      0.59      1069
          Ab       0.67      0.69      0.68       807
           B       0.54      0.50      0.52      1042
       B:min       0.62      0.61      0.61      1075
          Bb       0.67      0.69      0.68      1044
           C       0.63      0.69      0.66      1088
      C#:min       0.76      0.71      0.73      1020
           D       0.63      0.52      0.57      1029
         D/5       0.57      0.57      0.57       696
       D:min       0.65      0.81      0.72      1023
           E       0.65      0.68      0.66      1031
       E:min       0.56      0.68      0.61      1062
          Eb       0.78      0.73      0.75      1050
           F       0.64      0.77      0.70       998
          F#       0.68      0.62      0.65       872
      F#:min       0.65      0.64      0.64      1094
           G       0.66      0.63      0.64      1037
         G:7       0.55      0.60      0.57      1019
           N       0.65      0.52      0.57      1048

    accuracy                           0.64     20206
   macro avg       0.64      0.64      0.64     20206
weighted avg       0.64      0.64      0.64     20206

Interacao: 23
              precision    recall  f1-score   support

           A       0.60      0.61      0.60      1031
       A:min       0.60      0.53      0.57      1048
          Ab       0.66      0.64      0.65       805
           B       0.50      0.55      0.52       998
       B:min       0.66      0.57      0.61      1024
          Bb       0.63      0.71      0.67      1056
           C       0.61      0.70      0.65      1056
      C#:min       0.74      0.70      0.72      1007
           D       0.54      0.55      0.55      1041
         D/5       0.53      0.55      0.54       723
       D:min       0.68      0.80      0.73      1046
           E       0.63      0.62      0.63      1080
       E:min       0.58      0.57      0.58      1062
          Eb       0.73      0.76      0.75      1073
           F       0.69      0.70      0.69      1072
          F#       0.74      0.64      0.69       897
      F#:min       0.68      0.63      0.65      1009
           G       0.69      0.66      0.67      1056
         G:7       0.54      0.59      0.56      1050
           N       0.63      0.54      0.58      1072

    accuracy                           0.63     20206
   macro avg       0.63      0.63      0.63     20206
weighted avg       0.63      0.63      0.63     20206

Interacao: 24
              precision    recall  f1-score   support

           A       0.63      0.60      0.61      1053
       A:min       0.57      0.56      0.57      1020
          Ab       0.66      0.67      0.66       814
           B       0.55      0.52      0.53      1067
       B:min       0.65      0.54      0.59      1080
          Bb       0.63      0.73      0.68      1060
           C       0.61      0.62      0.61       973
      C#:min       0.80      0.70      0.74      1033
           D       0.59      0.57      0.58      1065
         D/5       0.58      0.55      0.57       732
       D:min       0.65      0.80      0.72      1016
           E       0.61      0.65      0.63      1036
       E:min       0.55      0.65      0.59      1063
          Eb       0.79      0.71      0.75      1066
           F       0.69      0.74      0.71      1069
          F#       0.70      0.64      0.67       819
      F#:min       0.64      0.69      0.66      1035
           G       0.69      0.61      0.65      1066
         G:7       0.54      0.59      0.56      1088
           N       0.64      0.54      0.59      1051

    accuracy                           0.63     20206
   macro avg       0.64      0.63      0.63     20206
weighted avg       0.64      0.63      0.63     20206

Interacao: 25
              precision    recall  f1-score   support

           A       0.59      0.60      0.60       989
       A:min       0.55      0.58      0.56      1006
          Ab       0.70      0.66      0.68       843
           B       0.57      0.51      0.54      1044
       B:min       0.62      0.62      0.62      1067
          Bb       0.63      0.71      0.67       997
           C       0.65      0.70      0.67      1027
      C#:min       0.72      0.71      0.71      1059
           D       0.55      0.55      0.55      1057
         D/5       0.57      0.56      0.56       759
       D:min       0.70      0.76      0.73      1023
           E       0.65      0.58      0.61      1087
       E:min       0.58      0.65      0.61      1051
          Eb       0.77      0.71      0.74      1052
           F       0.65      0.74      0.69      1001
          F#       0.64      0.67      0.65       841
      F#:min       0.65      0.62      0.63      1093
           G       0.66      0.70      0.68      1112
         G:7       0.57      0.56      0.56      1029
           N       0.71      0.53      0.61      1069

    accuracy                           0.64     20206
   macro avg       0.64      0.64      0.64     20206
weighted avg       0.64      0.64      0.64     20206

Interacao: 26
              precision    recall  f1-score   support

           A       0.61      0.58      0.60      1035
       A:min       0.59      0.57      0.58      1086
          Ab       0.66      0.69      0.67       804
           B       0.51      0.53      0.52      1002
       B:min       0.60      0.58      0.59      1063
          Bb       0.66      0.70      0.68      1050
           C       0.65      0.68      0.67      1052
      C#:min       0.71      0.70      0.71      1016
           D       0.56      0.57      0.57      1032
         D/5       0.54      0.62      0.57       699
       D:min       0.72      0.74      0.73      1086
           E       0.65      0.61      0.63      1021
       E:min       0.56      0.65      0.60      1088
          Eb       0.79      0.75      0.77      1044
           F       0.70      0.73      0.72      1033
          F#       0.72      0.62      0.67       822
      F#:min       0.67      0.65      0.66      1078
           G       0.69      0.66      0.68      1087
         G:7       0.59      0.61      0.60      1032
           N       0.60      0.55      0.58      1076

    accuracy                           0.64     20206
   macro avg       0.64      0.64      0.64     20206
weighted avg       0.64      0.64      0.64     20206

Interacao: 27
              precision    recall  f1-score   support

           A       0.63      0.59      0.61       993
       A:min       0.60      0.57      0.59      1102
          Ab       0.67      0.68      0.67       812
           B       0.53      0.49      0.51      1029
       B:min       0.62      0.61      0.61      1045
          Bb       0.65      0.71      0.68      1068
           C       0.59      0.69      0.64      1059
      C#:min       0.76      0.72      0.74      1040
           D       0.58      0.58      0.58      1061
         D/5       0.58      0.54      0.56       733
       D:min       0.70      0.77      0.73      1030
           E       0.62      0.65      0.63      1042
       E:min       0.59      0.60      0.60      1045
          Eb       0.74      0.76      0.75      1038
           F       0.69      0.72      0.70      1128
          F#       0.73      0.63      0.68       826
      F#:min       0.66      0.65      0.65       999
           G       0.66      0.64      0.65      1092
         G:7       0.58      0.58      0.58      1046
           N       0.61      0.59      0.60      1018

    accuracy                           0.64     20206
   macro avg       0.64      0.64      0.64     20206
weighted avg       0.64      0.64      0.64     20206

Interacao: 28
              precision    recall  f1-score   support

           A       0.61      0.59      0.60      1052
       A:min       0.60      0.53      0.56      1073
          Ab       0.72      0.64      0.68       845
           B       0.59      0.50      0.54      1057
       B:min       0.61      0.64      0.63      1063
          Bb       0.64      0.73      0.68      1078
           C       0.61      0.68      0.64      1016
      C#:min       0.74      0.68      0.71      1033
           D       0.54      0.55      0.55      1033
         D/5       0.53      0.57      0.55       669
       D:min       0.69      0.73      0.71      1048
           E       0.65      0.65      0.65      1104
       E:min       0.57      0.62      0.59      1017
          Eb       0.78      0.73      0.75      1028
           F       0.70      0.69      0.70      1030
          F#       0.69      0.69      0.69       906
      F#:min       0.62      0.60      0.61      1022
           G       0.63      0.66      0.64      1053
         G:7       0.55      0.59      0.57      1069
           N       0.60      0.58      0.59      1010

    accuracy                           0.63     20206
   macro avg       0.63      0.63      0.63     20206
weighted avg       0.63      0.63      0.63     20206

Interacao: 29
              precision    recall  f1-score   support

           A       0.60      0.56      0.58      1073
       A:min       0.56      0.55      0.55      1073
          Ab       0.67      0.66      0.67       823
           B       0.52      0.52      0.52      1044
       B:min       0.60      0.57      0.59      1046
          Bb       0.66      0.70      0.68      1044
           C       0.63      0.64      0.64      1083
      C#:min       0.78      0.67      0.72      1044
           D       0.54      0.58      0.56      1030
         D/5       0.53      0.57      0.55       714
       D:min       0.68      0.81      0.74      1092
           E       0.65      0.69      0.67      1072
       E:min       0.56      0.57      0.56      1019
          Eb       0.75      0.72      0.73      1004
           F       0.71      0.75      0.73      1051
          F#       0.69      0.64      0.67       842
      F#:min       0.62      0.66      0.64      1016
           G       0.64      0.66      0.65      1054
         G:7       0.57      0.56      0.57      1060
           N       0.61      0.50      0.55      1022

    accuracy                           0.63     20206
   macro avg       0.63      0.63      0.63     20206
weighted avg       0.63      0.63      0.63     20206

