Interacao: 0
              precision    recall  f1-score   support

           A       0.60      0.62      0.61      1049
       A:min       0.61      0.58      0.59      1038
          Ab       0.70      0.64      0.67       809
           B       0.59      0.48      0.53      1069
       B:min       0.58      0.66      0.62      1032
          Bb       0.71      0.70      0.70      1048
           C       0.61      0.66      0.64      1071
      C#:min       0.77      0.66      0.71      1015
           D       0.53      0.60      0.56      1042
         D/5       0.59      0.58      0.59       725
       D:min       0.72      0.77      0.74      1047
           E       0.63      0.64      0.64      1060
       E:min       0.59      0.61      0.60      1022
          Eb       0.72      0.72      0.72      1020
           F       0.68      0.75      0.71      1051
          F#       0.69      0.68      0.68       878
      F#:min       0.64      0.63      0.64       996
           G       0.66      0.67      0.66      1048
         G:7       0.56      0.58      0.57      1068
           N       0.62      0.53      0.57      1118

    accuracy                           0.64     20206
   macro avg       0.64      0.64      0.64     20206
weighted avg       0.64      0.64      0.64     20206

Interacao: 1
              precision    recall  f1-score   support

           A       0.60      0.65      0.62      1055
       A:min       0.59      0.57      0.58      1028
          Ab       0.68      0.68      0.68       840
           B       0.55      0.52      0.53      1046
       B:min       0.67      0.62      0.64      1037
          Bb       0.65      0.69      0.67      1030
           C       0.63      0.67      0.65      1047
      C#:min       0.75      0.72      0.73      1013
           D       0.61      0.58      0.59      1102
         D/5       0.56      0.49      0.52       729
       D:min       0.71      0.81      0.76      1071
           E       0.60      0.68      0.64      1019
       E:min       0.59      0.64      0.61      1052
          Eb       0.74      0.69      0.71      1012
           F       0.71      0.74      0.72      1053
          F#       0.72      0.63      0.67       849
      F#:min       0.63      0.68      0.66      1045
           G       0.62      0.69      0.65      1005
         G:7       0.59      0.60      0.60      1084
           N       0.69      0.50      0.58      1089

    accuracy                           0.64     20206
   macro avg       0.64      0.64      0.64     20206
weighted avg       0.64      0.64      0.64     20206

Interacao: 2
              precision    recall  f1-score   support

           A       0.58      0.60      0.59      1037
       A:min       0.64      0.53      0.58      1088
          Ab       0.71      0.67      0.69       804
           B       0.55      0.49      0.51      1042
       B:min       0.60      0.66      0.63       985
          Bb       0.67      0.66      0.66      1063
           C       0.63      0.67      0.65      1074
      C#:min       0.77      0.70      0.73      1092
           D       0.58      0.58      0.58      1060
         D/5       0.60      0.54      0.57       702
       D:min       0.68      0.78      0.72      1022
           E       0.64      0.65      0.65      1080
       E:min       0.59      0.62      0.60      1079
          Eb       0.75      0.73      0.74      1049
           F       0.69      0.76      0.72      1045
          F#       0.74      0.67      0.71       872
      F#:min       0.65      0.67      0.66      1053
           G       0.63      0.67      0.65      1003
         G:7       0.55      0.61      0.58      1056
           N       0.61      0.53      0.57      1000

    accuracy                           0.64     20206
   macro avg       0.64      0.64      0.64     20206
weighted avg       0.64      0.64      0.64     20206

Interacao: 3
              precision    recall  f1-score   support

           A       0.62      0.63      0.62      1076
       A:min       0.60      0.57      0.58      1016
          Ab       0.66      0.69      0.68       798
           B       0.60      0.52      0.55      1088
       B:min       0.61      0.63      0.62      1052
          Bb       0.64      0.68      0.66      1017
           C       0.63      0.67      0.65      1038
      C#:min       0.76      0.73      0.75      1039
           D       0.56      0.58      0.57      1076
         D/5       0.54      0.58      0.56       721
       D:min       0.72      0.78      0.75      1054
           E       0.62      0.67      0.64      1008
       E:min       0.61      0.63      0.62      1077
          Eb       0.77      0.67      0.71      1024
           F       0.71      0.73      0.72      1067
          F#       0.68      0.67      0.68       850
      F#:min       0.67      0.65      0.66      1038
           G       0.62      0.65      0.63      1046
         G:7       0.57      0.55      0.56      1074
           N       0.64      0.54      0.59      1047

    accuracy                           0.64     20206
   macro avg       0.64      0.64      0.64     20206
weighted avg       0.64      0.64      0.64     20206

Interacao: 4
              precision    recall  f1-score   support

           A       0.63      0.64      0.63      1108
       A:min       0.64      0.55      0.59      1100
          Ab       0.74      0.70      0.72       858
           B       0.57      0.51      0.54      1045
       B:min       0.63      0.65      0.64      1064
          Bb       0.64      0.72      0.68      1002
           C       0.60      0.67      0.64       998
      C#:min       0.74      0.71      0.73      1044
           D       0.59      0.59      0.59      1006
         D/5       0.59      0.56      0.57       718
       D:min       0.75      0.79      0.77      1071
           E       0.64      0.68      0.65      1079
       E:min       0.59      0.65      0.62      1014
          Eb       0.76      0.69      0.72       980
           F       0.71      0.76      0.74      1072
          F#       0.71      0.66      0.68       870
      F#:min       0.69      0.64      0.66      1080
           G       0.63      0.67      0.65      1018
         G:7       0.54      0.62      0.58      1037
           N       0.63      0.50      0.56      1042

    accuracy                           0.65     20206
   macro avg       0.65      0.65      0.65     20206
weighted avg       0.65      0.65      0.65     20206

Interacao: 5
              precision    recall  f1-score   support

           A       0.62      0.65      0.63      1028
       A:min       0.63      0.57      0.60      1045
          Ab       0.72      0.63      0.67       830
           B       0.60      0.49      0.54      1085
       B:min       0.59      0.68      0.63      1043
          Bb       0.67      0.72      0.69      1142
           C       0.61      0.71      0.66      1018
      C#:min       0.80      0.71      0.75      1071
           D       0.60      0.55      0.57      1070
         D/5       0.57      0.56      0.56       711
       D:min       0.68      0.79      0.73      1048
           E       0.63      0.66      0.65       954
       E:min       0.60      0.64      0.62      1066
          Eb       0.73      0.73      0.73       998
           F       0.72      0.74      0.73      1094
          F#       0.68      0.68      0.68       826
      F#:min       0.71      0.65      0.68      1120
           G       0.60      0.69      0.64      1005
         G:7       0.54      0.58      0.56       980
           N       0.69      0.52      0.59      1072

    accuracy                           0.65     20206
   macro avg       0.65      0.65      0.65     20206
weighted avg       0.65      0.65      0.65     20206

Interacao: 6
              precision    recall  f1-score   support

           A       0.61      0.63      0.62      1068
       A:min       0.60      0.57      0.58      1049
          Ab       0.70      0.67      0.69       812
           B       0.57      0.47      0.51      1079
       B:min       0.60      0.62      0.61      1041
          Bb       0.70      0.70      0.70      1050
           C       0.60      0.68      0.64      1084
      C#:min       0.76      0.72      0.74      1017
           D       0.58      0.59      0.58      1082
         D/5       0.55      0.56      0.55       731
       D:min       0.69      0.79      0.73      1029
           E       0.64      0.63      0.63      1078
       E:min       0.57      0.62      0.59       990
          Eb       0.74      0.71      0.73      1025
           F       0.69      0.70      0.69      1054
          F#       0.71      0.68      0.70       831
      F#:min       0.66      0.67      0.67      1001
           G       0.59      0.68      0.63      1028
         G:7       0.59      0.58      0.59      1068
           N       0.66      0.50      0.57      1089

    accuracy                           0.64     20206
   macro avg       0.64      0.64      0.64     20206
weighted avg       0.64      0.64      0.64     20206

Interacao: 7
              precision    recall  f1-score   support

           A       0.61      0.62      0.61      1066
       A:min       0.58      0.55      0.56      1093
          Ab       0.68      0.69      0.69       800
           B       0.56      0.46      0.51      1044
       B:min       0.61      0.61      0.61      1075
          Bb       0.66      0.71      0.68      1083
           C       0.61      0.69      0.65      1072
      C#:min       0.79      0.66      0.72      1041
           D       0.57      0.52      0.54      1027
         D/5       0.59      0.54      0.56       734
       D:min       0.66      0.80      0.73      1016
           E       0.64      0.67      0.65      1052
       E:min       0.59      0.67      0.63      1042
          Eb       0.71      0.73      0.72       990
           F       0.72      0.72      0.72      1057
          F#       0.72      0.66      0.69       823
      F#:min       0.66      0.68      0.67      1076
           G       0.65      0.68      0.66      1022
         G:7       0.59      0.60      0.60      1001
           N       0.64      0.54      0.59      1092

    accuracy                           0.64     20206
   macro avg       0.64      0.64      0.64     20206
weighted avg       0.64      0.64      0.64     20206

Interacao: 8
              precision    recall  f1-score   support

           A       0.64      0.60      0.62      1095
       A:min       0.58      0.59      0.59      1017
          Ab       0.70      0.64      0.67       837
           B       0.53      0.51      0.52      1062
       B:min       0.66      0.60      0.63      1045
          Bb       0.66      0.72      0.69      1069
           C       0.63      0.69      0.66      1064
      C#:min       0.73      0.72      0.73      1044
           D       0.60      0.54      0.57      1042
         D/5       0.54      0.53      0.54       668
       D:min       0.72      0.80      0.76      1058
           E       0.62      0.66      0.64      1059
       E:min       0.59      0.62      0.60      1070
          Eb       0.74      0.73      0.73      1025
           F       0.71      0.72      0.72      1085
          F#       0.72      0.69      0.70       851
      F#:min       0.70      0.61      0.65      1026
           G       0.63      0.67      0.65      1027
         G:7       0.53      0.67      0.59      1014
           N       0.67      0.53      0.59      1048

    accuracy                           0.64     20206
   macro avg       0.65      0.64      0.64     20206
weighted avg       0.65      0.64      0.64     20206

Interacao: 9
              precision    recall  f1-score   support

           A       0.61      0.66      0.63      1052
       A:min       0.60      0.56      0.58      1021
          Ab       0.71      0.68      0.70       824
           B       0.55      0.50      0.52      1055
       B:min       0.59      0.61      0.60      1017
          Bb       0.65      0.70      0.68      1053
           C       0.61      0.68      0.64      1070
      C#:min       0.79      0.70      0.74      1041
           D       0.56      0.60      0.58      1040
         D/5       0.58      0.51      0.54       742
       D:min       0.69      0.81      0.74      1023
           E       0.63      0.68      0.65      1100
       E:min       0.64      0.59      0.61      1097
          Eb       0.76      0.66      0.71      1003
           F       0.67      0.71      0.69      1014
          F#       0.68      0.67      0.68       864
      F#:min       0.68      0.64      0.66      1024
           G       0.61      0.66      0.63      1021
         G:7       0.61      0.60      0.60      1124
           N       0.63      0.56      0.59      1021

    accuracy                           0.64     20206
   macro avg       0.64      0.64      0.64     20206
weighted avg       0.64      0.64      0.64     20206

Interacao: 10
              precision    recall  f1-score   support

           A       0.64      0.61      0.62      1038
       A:min       0.63      0.52      0.57      1061
          Ab       0.70      0.65      0.67       791
           B       0.57      0.49      0.53      1023
       B:min       0.64      0.63      0.64      1041
          Bb       0.63      0.73      0.67      1090
           C       0.63      0.68      0.65      1094
      C#:min       0.79      0.71      0.75      1044
           D       0.59      0.59      0.59      1032
         D/5       0.57      0.57      0.57       708
       D:min       0.67      0.79      0.72      1094
           E       0.64      0.65      0.65      1046
       E:min       0.56      0.66      0.60      1097
          Eb       0.74      0.72      0.73      1018
           F       0.67      0.71      0.69      1054
          F#       0.71      0.67      0.69       817
      F#:min       0.70      0.68      0.69      1039
           G       0.67      0.64      0.65      1051
         G:7       0.55      0.62      0.58      1045
           N       0.64      0.53      0.58      1023

    accuracy                           0.64     20206
   macro avg       0.65      0.64      0.64     20206
weighted avg       0.65      0.64      0.64     20206

Interacao: 11
              precision    recall  f1-score   support

           A       0.63      0.63      0.63      1102
       A:min       0.65      0.53      0.59      1044
          Ab       0.73      0.66      0.69       794
           B       0.54      0.50      0.52      1098
       B:min       0.64      0.62      0.63      1029
          Bb       0.65      0.70      0.67      1035
           C       0.60      0.70      0.65      1039
      C#:min       0.75      0.69      0.72      1023
           D       0.53      0.61      0.57      1008
         D/5       0.56      0.59      0.57       711
       D:min       0.73      0.77      0.75      1066
           E       0.65      0.66      0.66      1098
       E:min       0.58      0.62      0.60      1068
          Eb       0.78      0.66      0.72      1035
           F       0.67      0.74      0.71      1038
          F#       0.69      0.67      0.68       840
      F#:min       0.66      0.67      0.67      1071
           G       0.63      0.69      0.66      1036
         G:7       0.58      0.58      0.58      1059
           N       0.64      0.52      0.57      1012

    accuracy                           0.64     20206
   macro avg       0.64      0.64      0.64     20206
weighted avg       0.64      0.64      0.64     20206

Interacao: 12
              precision    recall  f1-score   support

           A       0.62      0.68      0.65      1067
       A:min       0.61      0.57      0.59      1061
          Ab       0.73      0.64      0.68       831
           B       0.56      0.53      0.54      1055
       B:min       0.61      0.65      0.63      1059
          Bb       0.65      0.72      0.68      1044
           C       0.65      0.68      0.66      1080
      C#:min       0.76      0.72      0.74      1004
           D       0.59      0.56      0.57      1080
         D/5       0.58      0.51      0.54       727
       D:min       0.67      0.80      0.73       997
           E       0.64      0.67      0.66      1073
       E:min       0.60      0.67      0.63      1038
          Eb       0.79      0.67      0.72      1060
           F       0.70      0.70      0.70      1036
          F#       0.72      0.66      0.69       852
      F#:min       0.70      0.64      0.67      1066
           G       0.62      0.66      0.64      1001
         G:7       0.55      0.63      0.59      1035
           N       0.64      0.55      0.59      1040

    accuracy                           0.65     20206
   macro avg       0.65      0.64      0.64     20206
weighted avg       0.65      0.65      0.65     20206

Interacao: 13
              precision    recall  f1-score   support

           A       0.57      0.64      0.60       986
       A:min       0.61      0.57      0.59      1047
          Ab       0.71      0.65      0.68       848
           B       0.56      0.51      0.53      1037
       B:min       0.62      0.61      0.62      1026
          Bb       0.69      0.68      0.68      1107
           C       0.64      0.67      0.66      1096
      C#:min       0.76      0.68      0.72      1072
           D       0.59      0.58      0.58      1076
         D/5       0.55      0.56      0.55       730
       D:min       0.74      0.80      0.77      1030
           E       0.66      0.68      0.67      1024
       E:min       0.59      0.63      0.61      1025
          Eb       0.76      0.71      0.73      1011
           F       0.67      0.73      0.70      1045
          F#       0.72      0.66      0.69       850
      F#:min       0.71      0.66      0.69      1025
           G       0.64      0.66      0.65      1059
         G:7       0.56      0.65      0.60      1046
           N       0.62      0.56      0.59      1066

    accuracy                           0.65     20206
   macro avg       0.65      0.65      0.65     20206
weighted avg       0.65      0.65      0.65     20206

Interacao: 14
              precision    recall  f1-score   support

           A       0.60      0.63      0.62      1044
       A:min       0.63      0.60      0.62      1043
          Ab       0.73      0.66      0.69       842
           B       0.56      0.53      0.55      1090
       B:min       0.61      0.66      0.64      1067
          Bb       0.68      0.71      0.70      1077
           C       0.64      0.68      0.66       999
      C#:min       0.77      0.72      0.74      1059
           D       0.58      0.58      0.58      1096
         D/5       0.56      0.56      0.56       698
       D:min       0.72      0.77      0.74      1016
           E       0.66      0.64      0.65      1090
       E:min       0.58      0.65      0.61      1061
          Eb       0.72      0.70      0.71      1036
           F       0.69      0.74      0.71       991
          F#       0.65      0.65      0.65       851
      F#:min       0.69      0.62      0.65      1062
           G       0.64      0.68      0.66      1011
         G:7       0.54      0.59      0.57       997
           N       0.68      0.53      0.59      1076

    accuracy                           0.65     20206
   macro avg       0.65      0.64      0.64     20206
weighted avg       0.65      0.65      0.64     20206

Interacao: 15
              precision    recall  f1-score   support

           A       0.61      0.61      0.61      1095
       A:min       0.56      0.60      0.58      1048
          Ab       0.75      0.64      0.69       850
           B       0.54      0.53      0.54      1029
       B:min       0.66      0.60      0.63      1103
          Bb       0.71      0.70      0.70      1018
           C       0.63      0.68      0.65      1044
      C#:min       0.78      0.74      0.76      1036
           D       0.57      0.58      0.58       988
         D/5       0.57      0.55      0.56       711
       D:min       0.73      0.78      0.75      1057
           E       0.63      0.66      0.65      1047
       E:min       0.59      0.69      0.63      1042
          Eb       0.71      0.73      0.72      1025
           F       0.67      0.75      0.71      1035
          F#       0.70      0.69      0.70       866
      F#:min       0.68      0.63      0.65      1057
           G       0.68      0.65      0.66      1072
         G:7       0.56      0.60      0.58      1066
           N       0.66      0.52      0.58      1017

    accuracy                           0.65     20206
   macro avg       0.65      0.65      0.65     20206
weighted avg       0.65      0.65      0.65     20206

Interacao: 16
              precision    recall  f1-score   support

           A       0.63      0.63      0.63      1041
       A:min       0.59      0.56      0.57      1058
          Ab       0.65      0.66      0.65       794
           B       0.54      0.53      0.54       991
       B:min       0.65      0.62      0.64      1065
          Bb       0.65      0.71      0.68      1072
           C       0.64      0.66      0.65      1062
      C#:min       0.79      0.71      0.75      1023
           D       0.57      0.60      0.58      1036
         D/5       0.61      0.55      0.58       750
       D:min       0.71      0.79      0.75      1033
           E       0.65      0.67      0.66      1069
       E:min       0.58      0.65      0.61      1044
          Eb       0.75      0.68      0.72       954
           F       0.66      0.75      0.70      1071
          F#       0.70      0.66      0.68       847
      F#:min       0.67      0.68      0.68      1063
           G       0.65      0.65      0.65      1081
         G:7       0.59      0.64      0.62      1055
           N       0.69      0.50      0.58      1097

    accuracy                           0.65     20206
   macro avg       0.65      0.65      0.65     20206
weighted avg       0.65      0.65      0.65     20206

Interacao: 17
              precision    recall  f1-score   support

           A       0.58      0.66      0.62      1054
       A:min       0.62      0.55      0.58      1076
          Ab       0.69      0.67      0.68       831
           B       0.60      0.48      0.53      1083
       B:min       0.63      0.65      0.64      1080
          Bb       0.64      0.72      0.68      1011
           C       0.61      0.68      0.64      1036
      C#:min       0.74      0.73      0.73      1007
           D       0.60      0.57      0.59      1093
         D/5       0.60      0.54      0.57       726
       D:min       0.68      0.79      0.73      1010
           E       0.66      0.62      0.64      1023
       E:min       0.62      0.63      0.62      1047
          Eb       0.72      0.74      0.73       965
           F       0.70      0.77      0.73      1074
          F#       0.71      0.66      0.68       842
      F#:min       0.74      0.66      0.70      1080
           G       0.65      0.67      0.66      1062
         G:7       0.57      0.66      0.61      1027
           N       0.64      0.56      0.60      1079

    accuracy                           0.65     20206
   macro avg       0.65      0.65      0.65     20206
weighted avg       0.65      0.65      0.65     20206

Interacao: 18
              precision    recall  f1-score   support

           A       0.61      0.62      0.61      1075
       A:min       0.62      0.57      0.60      1099
          Ab       0.68      0.64      0.66       819
           B       0.54      0.55      0.55       996
       B:min       0.63      0.56      0.59      1006
          Bb       0.68      0.69      0.68      1024
           C       0.64      0.67      0.65      1071
      C#:min       0.79      0.69      0.74      1086
           D       0.54      0.59      0.56      1031
         D/5       0.51      0.50      0.50       697
       D:min       0.69      0.76      0.72      1063
           E       0.64      0.66      0.65      1087
       E:min       0.62      0.59      0.61      1043
          Eb       0.73      0.71      0.72       995
           F       0.68      0.73      0.70      1072
          F#       0.74      0.66      0.70       851
      F#:min       0.65      0.65      0.65      1042
           G       0.61      0.67      0.64      1081
         G:7       0.54      0.63      0.58       994
           N       0.64      0.59      0.62      1074

    accuracy                           0.64     20206
   macro avg       0.64      0.64      0.64     20206
weighted avg       0.64      0.64      0.64     20206

Interacao: 19
              precision    recall  f1-score   support

           A       0.63      0.61      0.62      1059
       A:min       0.61      0.60      0.61      1062
          Ab       0.71      0.68      0.70       825
           B       0.59      0.50      0.55      1061
       B:min       0.63      0.61      0.62      1015
          Bb       0.67      0.71      0.69      1086
           C       0.65      0.68      0.66      1093
      C#:min       0.79      0.69      0.74      1054
           D       0.55      0.62      0.59      1030
         D/5       0.58      0.55      0.57       736
       D:min       0.74      0.76      0.75      1022
           E       0.62      0.70      0.66      1041
       E:min       0.58      0.66      0.62      1024
          Eb       0.75      0.70      0.72      1016
           F       0.69      0.75      0.72      1035
          F#       0.69      0.66      0.68       840
      F#:min       0.69      0.70      0.70      1065
           G       0.68      0.68      0.68      1046
         G:7       0.56      0.62      0.59      1033
           N       0.65      0.52      0.58      1063

    accuracy                           0.65     20206
   macro avg       0.65      0.65      0.65     20206
weighted avg       0.65      0.65      0.65     20206

Interacao: 20
              precision    recall  f1-score   support

           A       0.62      0.63      0.62      1012
       A:min       0.61      0.58      0.59      1020
          Ab       0.69      0.66      0.68       810
           B       0.57      0.53      0.55      1124
       B:min       0.64      0.62      0.63      1050
          Bb       0.70      0.69      0.69      1072
           C       0.64      0.67      0.66      1066
      C#:min       0.75      0.69      0.72      1041
           D       0.55      0.59      0.57      1062
         D/5       0.54      0.52      0.53       719
       D:min       0.70      0.77      0.73      1055
           E       0.67      0.63      0.65      1031
       E:min       0.60      0.66      0.63      1063
          Eb       0.73      0.74      0.73       977
           F       0.71      0.73      0.72      1050
          F#       0.67      0.68      0.67       867
      F#:min       0.67      0.65      0.66      1035
           G       0.61      0.70      0.65      1035
         G:7       0.55      0.61      0.58      1049
           N       0.65      0.48      0.55      1068

    accuracy                           0.64     20206
   macro avg       0.64      0.64      0.64     20206
weighted avg       0.64      0.64      0.64     20206

Interacao: 21
              precision    recall  f1-score   support

           A       0.61      0.64      0.63      1087
       A:min       0.62      0.53      0.57      1035
          Ab       0.76      0.62      0.69       862
           B       0.57      0.48      0.52      1044
       B:min       0.60      0.66      0.63      1047
          Bb       0.66      0.68      0.67      1037
           C       0.59      0.66      0.63      1007
      C#:min       0.77      0.73      0.75      1034
           D       0.58      0.58      0.58      1058
         D/5       0.60      0.52      0.56       699
       D:min       0.70      0.80      0.75      1067
           E       0.65      0.68      0.66      1051
       E:min       0.58      0.68      0.62      1023
          Eb       0.76      0.71      0.73      1039
           F       0.69      0.74      0.71      1067
          F#       0.70      0.68      0.69       880
      F#:min       0.69      0.67      0.68      1047
           G       0.64      0.65      0.65      1072
         G:7       0.55      0.62      0.58      1024
           N       0.64      0.54      0.59      1026

    accuracy                           0.65     20206
   macro avg       0.65      0.64      0.64     20206
weighted avg       0.65      0.65      0.65     20206

Interacao: 22
              precision    recall  f1-score   support

           A       0.66      0.64      0.65      1047
       A:min       0.62      0.53      0.57      1057
          Ab       0.70      0.66      0.68       818
           B       0.52      0.51      0.52      1044
       B:min       0.60      0.65      0.62      1028
          Bb       0.66      0.69      0.67      1049
           C       0.63      0.64      0.64      1106
      C#:min       0.76      0.72      0.74      1001
           D       0.58      0.56      0.57      1007
         D/5       0.60      0.56      0.58       696
       D:min       0.71      0.77      0.74      1051
           E       0.62      0.64      0.63      1069
       E:min       0.56      0.66      0.61      1068
          Eb       0.75      0.70      0.73      1094
           F       0.68      0.72      0.70      1056
          F#       0.73      0.68      0.70       843
      F#:min       0.64      0.65      0.65      1023
           G       0.62      0.71      0.66      1032
         G:7       0.58      0.61      0.59      1064
           N       0.63      0.51      0.56      1053

    accuracy                           0.64     20206
   macro avg       0.64      0.64      0.64     20206
weighted avg       0.64      0.64      0.64     20206

Interacao: 23
              precision    recall  f1-score   support

           A       0.61      0.66      0.63      1066
       A:min       0.62      0.54      0.58      1086
          Ab       0.68      0.69      0.68       805
           B       0.60      0.51      0.55      1034
       B:min       0.64      0.62      0.63      1053
          Bb       0.67      0.70      0.69      1073
           C       0.62      0.67      0.65      1064
      C#:min       0.76      0.71      0.73      1073
           D       0.55      0.60      0.58      1015
         D/5       0.59      0.52      0.55       682
       D:min       0.72      0.80      0.75      1051
           E       0.59      0.68      0.63      1007
       E:min       0.58      0.64      0.60      1059
          Eb       0.75      0.71      0.72      1072
           F       0.74      0.73      0.73      1056
          F#       0.68      0.68      0.68       835
      F#:min       0.69      0.66      0.67      1054
           G       0.66      0.66      0.66      1036
         G:7       0.57      0.64      0.60      1007
           N       0.66      0.53      0.59      1078

    accuracy                           0.65     20206
   macro avg       0.65      0.65      0.65     20206
weighted avg       0.65      0.65      0.65     20206

Interacao: 24
              precision    recall  f1-score   support

           A       0.60      0.64      0.62      1099
       A:min       0.61      0.55      0.57      1051
          Ab       0.69      0.67      0.68       806
           B       0.61      0.49      0.54      1088
       B:min       0.62      0.62      0.62      1061
          Bb       0.64      0.71      0.67      1004
           C       0.64      0.69      0.66      1007
      C#:min       0.74      0.72      0.73      1050
           D       0.59      0.58      0.59      1044
         D/5       0.55      0.49      0.52       717
       D:min       0.69      0.78      0.74      1020
           E       0.63      0.66      0.64      1032
       E:min       0.57      0.66      0.61      1042
          Eb       0.73      0.71      0.72      1019
           F       0.71      0.75      0.73      1080
          F#       0.66      0.66      0.66       865
      F#:min       0.71      0.62      0.66      1093
           G       0.65      0.67      0.66      1063
         G:7       0.57      0.65      0.61      1026
           N       0.63      0.52      0.57      1039

    accuracy                           0.64     20206
   macro avg       0.64      0.64      0.64     20206
weighted avg       0.64      0.64      0.64     20206

Interacao: 25
              precision    recall  f1-score   support

           A       0.60      0.60      0.60      1027
       A:min       0.62      0.55      0.58      1026
          Ab       0.66      0.65      0.65       835
           B       0.58      0.51      0.54      1049
       B:min       0.65      0.66      0.65      1058
          Bb       0.63      0.70      0.66      1029
           C       0.64      0.70      0.67      1052
      C#:min       0.79      0.68      0.73      1032
           D       0.59      0.58      0.58      1052
         D/5       0.57      0.59      0.58       719
       D:min       0.64      0.81      0.72      1034
           E       0.60      0.73      0.66      1059
       E:min       0.58      0.67      0.62      1019
          Eb       0.79      0.65      0.72      1033
           F       0.72      0.75      0.73      1063
          F#       0.70      0.70      0.70       879
      F#:min       0.71      0.64      0.67      1071
           G       0.65      0.63      0.64      1086
         G:7       0.57      0.60      0.58      1039
           N       0.69      0.53      0.60      1044

    accuracy                           0.65     20206
   macro avg       0.65      0.65      0.64     20206
weighted avg       0.65      0.65      0.65     20206

Interacao: 26
              precision    recall  f1-score   support

           A       0.62      0.62      0.62      1085
       A:min       0.60      0.56      0.58      1069
          Ab       0.71      0.63      0.67       807
           B       0.56      0.52      0.54      1099
       B:min       0.64      0.59      0.61      1037
          Bb       0.68      0.69      0.68      1081
           C       0.63      0.68      0.65      1025
      C#:min       0.78      0.67      0.72       995
           D       0.56      0.63      0.59      1068
         D/5       0.58      0.47      0.52       725
       D:min       0.73      0.77      0.75      1076
           E       0.63      0.66      0.65      1011
       E:min       0.56      0.66      0.61       985
          Eb       0.70      0.74      0.72      1044
           F       0.70      0.75      0.72      1024
          F#       0.74      0.65      0.69       866
      F#:min       0.65      0.70      0.67      1061
           G       0.61      0.70      0.65      1033
         G:7       0.59      0.62      0.60      1072
           N       0.61      0.48      0.54      1043

    accuracy                           0.64     20206
   macro avg       0.64      0.64      0.64     20206
weighted avg       0.64      0.64      0.64     20206

Interacao: 27
              precision    recall  f1-score   support

           A       0.58      0.66      0.62      1058
       A:min       0.60      0.58      0.59      1031
          Ab       0.73      0.68      0.70       841
           B       0.55      0.52      0.53      1045
       B:min       0.66      0.63      0.64      1046
          Bb       0.64      0.71      0.68      1058
           C       0.63      0.70      0.66      1093
      C#:min       0.76      0.72      0.74      1049
           D       0.58      0.55      0.56      1065
         D/5       0.55      0.52      0.54       706
       D:min       0.71      0.77      0.74      1045
           E       0.64      0.64      0.64      1050
       E:min       0.61      0.56      0.58      1040
          Eb       0.73      0.68      0.71       998
           F       0.69      0.72      0.70      1068
          F#       0.69      0.66      0.67       842
      F#:min       0.69      0.68      0.69      1068
           G       0.64      0.68      0.66      1051
         G:7       0.59      0.62      0.60      1037
           N       0.61      0.56      0.58      1015

    accuracy                           0.64     20206
   macro avg       0.64      0.64      0.64     20206
weighted avg       0.64      0.64      0.64     20206

Interacao: 28
              precision    recall  f1-score   support

           A       0.61      0.61      0.61      1022
       A:min       0.60      0.58      0.59      1058
          Ab       0.68      0.69      0.68       820
           B       0.59      0.47      0.52      1064
       B:min       0.58      0.62      0.60      1096
          Bb       0.63      0.76      0.69      1049
           C       0.62      0.70      0.66      1018
      C#:min       0.74      0.71      0.73      1048
           D       0.58      0.56      0.57      1056
         D/5       0.58      0.49      0.53       702
       D:min       0.71      0.77      0.74      1065
           E       0.63      0.66      0.64      1043
       E:min       0.58      0.63      0.61      1023
          Eb       0.73      0.72      0.72      1010
           F       0.71      0.72      0.71      1089
          F#       0.67      0.67      0.67       824
      F#:min       0.65      0.64      0.64      1110
           G       0.64      0.65      0.65      1022
         G:7       0.61      0.60      0.60      1076
           N       0.65      0.55      0.60      1011

    accuracy                           0.64     20206
   macro avg       0.64      0.64      0.64     20206
weighted avg       0.64      0.64      0.64     20206

Interacao: 29
              precision    recall  f1-score   support

           A       0.64      0.62      0.63      1031
       A:min       0.61      0.59      0.60      1071
          Ab       0.69      0.66      0.67       840
           B       0.56      0.50      0.53      1057
       B:min       0.58      0.67      0.62      1020
          Bb       0.68      0.70      0.69      1079
           C       0.59      0.70      0.64      1053
      C#:min       0.80      0.67      0.73      1019
           D       0.56      0.61      0.58      1015
         D/5       0.58      0.56      0.57       742
       D:min       0.71      0.81      0.76      1070
           E       0.66      0.65      0.65      1076
       E:min       0.61      0.58      0.59      1039
          Eb       0.74      0.73      0.74       989
           F       0.69      0.74      0.72      1033
          F#       0.70      0.65      0.67       871
      F#:min       0.67      0.61      0.64      1044
           G       0.65      0.68      0.66      1035
         G:7       0.57      0.60      0.58      1057
           N       0.65      0.54      0.59      1065

    accuracy                           0.64     20206
   macro avg       0.65      0.64      0.64     20206
weighted avg       0.65      0.64      0.64     20206

