Interacao: 0
              precision    recall  f1-score   support

           A       0.58      0.60      0.59      1042
       A:min       0.57      0.54      0.55       995
          Ab       0.68      0.63      0.65       832
           B       0.55      0.51      0.53      1041
       B:min       0.64      0.57      0.60      1005
          Bb       0.63      0.68      0.65      1015
           C       0.59      0.70      0.64      1076
      C#:min       0.77      0.70      0.73      1066
           D       0.53      0.54      0.53      1080
         D/5       0.57      0.53      0.55       739
       D:min       0.66      0.77      0.71      1020
           E       0.65      0.61      0.63      1048
       E:min       0.61      0.58      0.59      1107
          Eb       0.74      0.71      0.73      1021
           F       0.69      0.70      0.69      1068
          F#       0.63      0.66      0.64       806
      F#:min       0.62      0.66      0.64      1079
           G       0.63      0.65      0.64      1060
         G:7       0.58      0.61      0.60      1071
           N       0.62      0.55      0.58      1035

    accuracy                           0.63     20206
   macro avg       0.63      0.62      0.62     20206
weighted avg       0.63      0.63      0.63     20206

Interacao: 1
              precision    recall  f1-score   support

           A       0.61      0.60      0.61      1025
       A:min       0.58      0.58      0.58      1076
          Ab       0.71      0.66      0.68       811
           B       0.52      0.52      0.52      1053
       B:min       0.60      0.57      0.59      1024
          Bb       0.64      0.70      0.67      1072
           C       0.63      0.63      0.63      1087
      C#:min       0.74      0.67      0.70      1041
           D       0.54      0.60      0.57      1032
         D/5       0.58      0.54      0.56       696
       D:min       0.73      0.78      0.76      1075
           E       0.65      0.64      0.64      1082
       E:min       0.58      0.64      0.61      1086
          Eb       0.78      0.71      0.74       983
           F       0.68      0.77      0.72      1089
          F#       0.67      0.67      0.67       840
      F#:min       0.67      0.63      0.65      1034
           G       0.61      0.67      0.64      1019
         G:7       0.59      0.58      0.58      1014
           N       0.64      0.51      0.57      1067

    accuracy                           0.64     20206
   macro avg       0.64      0.63      0.63     20206
weighted avg       0.64      0.64      0.63     20206

Interacao: 2
              precision    recall  f1-score   support

           A       0.56      0.65      0.60      1029
       A:min       0.63      0.51      0.56      1058
          Ab       0.68      0.64      0.66       869
           B       0.54      0.53      0.53      1025
       B:min       0.64      0.59      0.61      1044
          Bb       0.64      0.68      0.66      1018
           C       0.64      0.65      0.65      1047
      C#:min       0.78      0.68      0.73      1066
           D       0.55      0.58      0.57      1058
         D/5       0.59      0.53      0.56       705
       D:min       0.69      0.76      0.72      1011
           E       0.62      0.67      0.65      1049
       E:min       0.58      0.56      0.57      1086
          Eb       0.75      0.73      0.74      1014
           F       0.69      0.76      0.72      1104
          F#       0.66      0.71      0.68       851
      F#:min       0.67      0.61      0.64      1045
           G       0.63      0.65      0.64      1051
         G:7       0.56      0.59      0.57      1011
           N       0.59      0.61      0.60      1065

    accuracy                           0.63     20206
   macro avg       0.64      0.63      0.63     20206
weighted avg       0.64      0.63      0.63     20206

Interacao: 3
              precision    recall  f1-score   support

           A       0.59      0.59      0.59      1063
       A:min       0.57      0.53      0.55      1058
          Ab       0.70      0.68      0.69       818
           B       0.55      0.51      0.53      1050
       B:min       0.58      0.63      0.60      1045
          Bb       0.65      0.70      0.67      1057
           C       0.65      0.64      0.65      1048
      C#:min       0.77      0.70      0.73      1034
           D       0.58      0.55      0.56      1053
         D/5       0.60      0.56      0.58       727
       D:min       0.68      0.80      0.74      1032
           E       0.65      0.63      0.64      1064
       E:min       0.58      0.57      0.58      1049
          Eb       0.73      0.75      0.74       988
           F       0.67      0.76      0.71      1010
          F#       0.68      0.69      0.68       847
      F#:min       0.68      0.59      0.63      1050
           G       0.65      0.68      0.66      1082
         G:7       0.57      0.59      0.58      1041
           N       0.59      0.57      0.58      1090

    accuracy                           0.64     20206
   macro avg       0.64      0.64      0.63     20206
weighted avg       0.63      0.64      0.63     20206

Interacao: 4
              precision    recall  f1-score   support

           A       0.62      0.61      0.61      1028
       A:min       0.61      0.52      0.56      1061
          Ab       0.68      0.67      0.67       810
           B       0.58      0.43      0.49      1086
       B:min       0.59      0.61      0.60      1013
          Bb       0.63      0.67      0.65      1008
           C       0.63      0.70      0.66      1103
      C#:min       0.78      0.66      0.71      1043
           D       0.54      0.57      0.56      1068
         D/5       0.57      0.51      0.54       689
       D:min       0.68      0.77      0.72      1040
           E       0.62      0.66      0.64      1073
       E:min       0.55      0.60      0.58      1044
          Eb       0.78      0.74      0.76      1021
           F       0.67      0.72      0.69      1082
          F#       0.67      0.65      0.66       850
      F#:min       0.61      0.66      0.63      1031
           G       0.64      0.64      0.64      1071
         G:7       0.53      0.58      0.55      1036
           N       0.60      0.54      0.57      1049

    accuracy                           0.63     20206
   macro avg       0.63      0.63      0.63     20206
weighted avg       0.63      0.63      0.63     20206

Interacao: 5
              precision    recall  f1-score   support

           A       0.58      0.55      0.56      1036
       A:min       0.57      0.50      0.53      1001
          Ab       0.72      0.65      0.69       817
           B       0.56      0.47      0.51      1019
       B:min       0.59      0.59      0.59      1070
          Bb       0.62      0.72      0.67      1074
           C       0.60      0.64      0.62      1077
      C#:min       0.76      0.68      0.72      1031
           D       0.55      0.61      0.58      1039
         D/5       0.54      0.52      0.53       720
       D:min       0.73      0.77      0.75      1049
           E       0.66      0.63      0.65      1097
       E:min       0.56      0.67      0.61      1046
          Eb       0.73      0.73      0.73      1050
           F       0.67      0.73      0.70      1046
          F#       0.69      0.60      0.64       840
      F#:min       0.60      0.70      0.64      1069
           G       0.66      0.63      0.65      1046
         G:7       0.55      0.58      0.57      1045
           N       0.62      0.53      0.57      1034

    accuracy                           0.63     20206
   macro avg       0.63      0.62      0.62     20206
weighted avg       0.63      0.63      0.63     20206

Interacao: 6
              precision    recall  f1-score   support

           A       0.59      0.63      0.61      1042
       A:min       0.58      0.55      0.56      1053
          Ab       0.72      0.63      0.67       820
           B       0.53      0.47      0.50      1011
       B:min       0.64      0.56      0.60      1062
          Bb       0.67      0.69      0.68      1075
           C       0.61      0.70      0.65      1073
      C#:min       0.77      0.68      0.72      1008
           D       0.55      0.57      0.56      1010
         D/5       0.58      0.52      0.55       759
       D:min       0.67      0.78      0.72      1058
           E       0.59      0.68      0.63      1036
       E:min       0.62      0.53      0.57      1076
          Eb       0.78      0.69      0.74      1019
           F       0.70      0.75      0.72      1092
          F#       0.68      0.66      0.67       824
      F#:min       0.63      0.65      0.64      1015
           G       0.65      0.64      0.65      1070
         G:7       0.57      0.62      0.59      1080
           N       0.56      0.61      0.58      1023

    accuracy                           0.63     20206
   macro avg       0.63      0.63      0.63     20206
weighted avg       0.63      0.63      0.63     20206

Interacao: 7
              precision    recall  f1-score   support

           A       0.61      0.60      0.61      1038
       A:min       0.58      0.57      0.57      1057
          Ab       0.67      0.69      0.68       816
           B       0.52      0.49      0.51      1052
       B:min       0.61      0.61      0.61      1062
          Bb       0.67      0.69      0.68      1054
           C       0.61      0.70      0.65      1063
      C#:min       0.75      0.70      0.73      1049
           D       0.55      0.53      0.54      1043
         D/5       0.56      0.49      0.52       754
       D:min       0.71      0.76      0.73       989
           E       0.60      0.67      0.64      1020
       E:min       0.61      0.57      0.59      1125
          Eb       0.76      0.72      0.74       970
           F       0.68      0.75      0.71      1059
          F#       0.70      0.67      0.68       875
      F#:min       0.66      0.62      0.64      1030
           G       0.61      0.66      0.64      1060
         G:7       0.57      0.59      0.58      1049
           N       0.60      0.55      0.57      1041

    accuracy                           0.63     20206
   macro avg       0.63      0.63      0.63     20206
weighted avg       0.63      0.63      0.63     20206

Interacao: 8
              precision    recall  f1-score   support

           A       0.60      0.57      0.58      1070
       A:min       0.56      0.56      0.56      1030
          Ab       0.70      0.68      0.69       828
           B       0.56      0.48      0.52      1073
       B:min       0.61      0.60      0.60      1053
          Bb       0.66      0.71      0.68      1069
           C       0.61      0.66      0.63       996
      C#:min       0.80      0.69      0.74      1054
           D       0.56      0.59      0.58      1018
         D/5       0.56      0.54      0.55       711
       D:min       0.68      0.77      0.72      1063
           E       0.61      0.66      0.64      1033
       E:min       0.55      0.62      0.58      1042
          Eb       0.80      0.71      0.75      1078
           F       0.70      0.74      0.72      1106
          F#       0.68      0.66      0.67       867
      F#:min       0.65      0.62      0.64      1023
           G       0.68      0.62      0.65      1003
         G:7       0.57      0.65      0.61      1047
           N       0.62      0.53      0.57      1042

    accuracy                           0.64     20206
   macro avg       0.64      0.63      0.63     20206
weighted avg       0.64      0.64      0.64     20206

Interacao: 9
              precision    recall  f1-score   support

           A       0.62      0.59      0.60      1091
       A:min       0.58      0.57      0.57      1023
          Ab       0.66      0.67      0.66       781
           B       0.56      0.52      0.54      1033
       B:min       0.64      0.59      0.61      1087
          Bb       0.65      0.70      0.67      1037
           C       0.60      0.69      0.64      1017
      C#:min       0.76      0.69      0.72      1069
           D       0.54      0.58      0.56      1027
         D/5       0.57      0.52      0.54       731
       D:min       0.70      0.77      0.74      1082
           E       0.62      0.68      0.65      1006
       E:min       0.60      0.61      0.61      1067
          Eb       0.77      0.73      0.75      1019
           F       0.72      0.70      0.71      1076
          F#       0.65      0.69      0.67       862
      F#:min       0.64      0.64      0.64      1027
           G       0.64      0.65      0.65      1086
         G:7       0.60      0.60      0.60      1043
           N       0.62      0.55      0.59      1042

    accuracy                           0.64     20206
   macro avg       0.64      0.64      0.64     20206
weighted avg       0.64      0.64      0.64     20206

Interacao: 10
              precision    recall  f1-score   support

           A       0.57      0.63      0.60      1035
       A:min       0.59      0.51      0.55      1054
          Ab       0.70      0.65      0.68       856
           B       0.59      0.44      0.51      1003
       B:min       0.59      0.62      0.60      1067
          Bb       0.64      0.67      0.65      1039
           C       0.62      0.67      0.64      1082
      C#:min       0.75      0.68      0.71      1053
           D       0.52      0.63      0.57       986
         D/5       0.57      0.50      0.53       707
       D:min       0.71      0.75      0.73      1081
           E       0.63      0.64      0.63      1069
       E:min       0.56      0.60      0.58      1053
          Eb       0.79      0.76      0.77      1010
           F       0.65      0.72      0.68      1061
          F#       0.60      0.70      0.65       825
      F#:min       0.65      0.59      0.62      1012
           G       0.66      0.64      0.65      1088
         G:7       0.57      0.58      0.57      1057
           N       0.60      0.54      0.57      1068

    accuracy                           0.63     20206
   macro avg       0.63      0.63      0.63     20206
weighted avg       0.63      0.63      0.63     20206

Interacao: 11
              precision    recall  f1-score   support

           A       0.58      0.61      0.60      1002
       A:min       0.58      0.53      0.55      1052
          Ab       0.70      0.66      0.68       814
           B       0.58      0.51      0.54      1048
       B:min       0.63      0.60      0.62      1078
          Bb       0.64      0.69      0.67      1067
           C       0.64      0.65      0.64      1053
      C#:min       0.74      0.73      0.73      1079
           D       0.57      0.60      0.59      1011
         D/5       0.56      0.56      0.56       730
       D:min       0.70      0.75      0.73      1054
           E       0.64      0.64      0.64      1074
       E:min       0.56      0.63      0.60      1010
          Eb       0.76      0.72      0.74      1057
           F       0.68      0.73      0.70      1060
          F#       0.67      0.66      0.66       830
      F#:min       0.68      0.64      0.66      1043
           G       0.63      0.69      0.66      1074
         G:7       0.56      0.58      0.57      1025
           N       0.65      0.55      0.59      1045

    accuracy                           0.64     20206
   macro avg       0.64      0.64      0.64     20206
weighted avg       0.64      0.64      0.64     20206

Interacao: 12
              precision    recall  f1-score   support

           A       0.58      0.63      0.60       980
       A:min       0.58      0.57      0.57      1074
          Ab       0.66      0.66      0.66       798
           B       0.58      0.47      0.52      1038
       B:min       0.59      0.59      0.59      1042
          Bb       0.69      0.66      0.67      1061
           C       0.60      0.68      0.64      1067
      C#:min       0.75      0.70      0.72      1026
           D       0.58      0.54      0.56      1063
         D/5       0.55      0.60      0.57       737
       D:min       0.69      0.81      0.74      1053
           E       0.65      0.64      0.65      1076
       E:min       0.63      0.58      0.60      1039
          Eb       0.75      0.70      0.72      1005
           F       0.69      0.75      0.72      1086
          F#       0.66      0.65      0.66       853
      F#:min       0.65      0.64      0.65      1072
           G       0.62      0.67      0.64      1039
         G:7       0.56      0.57      0.57      1059
           N       0.61      0.57      0.59      1038

    accuracy                           0.63     20206
   macro avg       0.63      0.63      0.63     20206
weighted avg       0.63      0.63      0.63     20206

Interacao: 13
              precision    recall  f1-score   support

           A       0.59      0.64      0.61      1094
       A:min       0.56      0.54      0.55       998
          Ab       0.69      0.66      0.67       792
           B       0.54      0.52      0.53      1032
       B:min       0.63      0.59      0.61      1075
          Bb       0.63      0.68      0.65       973
           C       0.61      0.64      0.63      1026
      C#:min       0.77      0.68      0.72      1058
           D       0.59      0.53      0.56      1093
         D/5       0.63      0.49      0.55       768
       D:min       0.67      0.79      0.72      1102
           E       0.64      0.59      0.61      1040
       E:min       0.53      0.66      0.59      1041
          Eb       0.75      0.74      0.75      1050
           F       0.68      0.73      0.71      1074
          F#       0.68      0.64      0.66       833
      F#:min       0.62      0.63      0.62      1025
           G       0.65      0.65      0.65      1054
         G:7       0.55      0.61      0.58      1068
           N       0.60      0.50      0.55      1010

    accuracy                           0.63     20206
   macro avg       0.63      0.63      0.63     20206
weighted avg       0.63      0.63      0.63     20206

Interacao: 14
              precision    recall  f1-score   support

           A       0.58      0.63      0.60      1091
       A:min       0.57      0.56      0.57      1050
          Ab       0.71      0.66      0.68       826
           B       0.55      0.55      0.55      1066
       B:min       0.60      0.58      0.59      1037
          Bb       0.68      0.69      0.69      1119
           C       0.61      0.68      0.65      1050
      C#:min       0.76      0.70      0.73      1055
           D       0.54      0.59      0.57      1028
         D/5       0.59      0.49      0.54       676
       D:min       0.72      0.74      0.73      1055
           E       0.67      0.64      0.66      1040
       E:min       0.57      0.60      0.58      1050
          Eb       0.79      0.74      0.76      1056
           F       0.68      0.75      0.71      1096
          F#       0.69      0.69      0.69       835
      F#:min       0.66      0.62      0.64      1020
           G       0.63      0.64      0.63      1034
         G:7       0.55      0.59      0.57       998
           N       0.60      0.56      0.58      1024

    accuracy                           0.64     20206
   macro avg       0.64      0.63      0.64     20206
weighted avg       0.64      0.64      0.64     20206

Interacao: 15
              precision    recall  f1-score   support

           A       0.60      0.61      0.60      1095
       A:min       0.60      0.55      0.57      1031
          Ab       0.69      0.62      0.66       822
           B       0.51      0.53      0.52      1065
       B:min       0.58      0.56      0.57      1026
          Bb       0.66      0.69      0.68      1039
           C       0.62      0.69      0.66      1052
      C#:min       0.75      0.67      0.71       981
           D       0.58      0.51      0.54      1090
         D/5       0.57      0.55      0.56       704
       D:min       0.67      0.82      0.73      1063
           E       0.66      0.59      0.63      1092
       E:min       0.59      0.55      0.57      1026
          Eb       0.76      0.73      0.75      1095
           F       0.64      0.76      0.69      1021
          F#       0.67      0.62      0.64       802
      F#:min       0.62      0.66      0.64      1053
           G       0.63      0.65      0.64      1045
         G:7       0.53      0.58      0.55      1037
           N       0.61      0.56      0.59      1067

    accuracy                           0.63     20206
   macro avg       0.63      0.63      0.63     20206
weighted avg       0.63      0.63      0.63     20206

Interacao: 16
              precision    recall  f1-score   support

           A       0.59      0.63      0.61      1049
       A:min       0.58      0.55      0.56      1072
          Ab       0.69      0.63      0.66       800
           B       0.54      0.53      0.54      1052
       B:min       0.60      0.63      0.61      1039
          Bb       0.67      0.70      0.68      1045
           C       0.64      0.66      0.65      1106
      C#:min       0.77      0.66      0.71      1028
           D       0.56      0.54      0.55      1029
         D/5       0.56      0.54      0.55       687
       D:min       0.69      0.76      0.73      1033
           E       0.64      0.66      0.65      1084
       E:min       0.60      0.59      0.59      1036
          Eb       0.76      0.74      0.75      1054
           F       0.70      0.72      0.71      1033
          F#       0.68      0.66      0.67       857
      F#:min       0.68      0.61      0.65      1066
           G       0.64      0.65      0.64      1072
         G:7       0.54      0.63      0.58      1055
           N       0.58      0.54      0.56      1009

    accuracy                           0.63     20206
   macro avg       0.64      0.63      0.63     20206
weighted avg       0.64      0.63      0.63     20206

Interacao: 17
              precision    recall  f1-score   support

           A       0.63      0.59      0.61      1091
       A:min       0.55      0.54      0.54      1006
          Ab       0.70      0.63      0.66       829
           B       0.60      0.50      0.54      1037
       B:min       0.59      0.62      0.61      1045
          Bb       0.63      0.72      0.67      1019
           C       0.62      0.69      0.65      1031
      C#:min       0.77      0.69      0.73       996
           D       0.55      0.58      0.57      1051
         D/5       0.55      0.48      0.51       764
       D:min       0.71      0.76      0.73      1070
           E       0.65      0.64      0.64      1075
       E:min       0.57      0.67      0.62      1105
          Eb       0.74      0.74      0.74      1011
           F       0.70      0.70      0.70      1044
          F#       0.65      0.64      0.65       817
      F#:min       0.65      0.62      0.64      1035
           G       0.64      0.70      0.67      1039
         G:7       0.57      0.58      0.58      1067
           N       0.62      0.56      0.59      1074

    accuracy                           0.63     20206
   macro avg       0.64      0.63      0.63     20206
weighted avg       0.63      0.63      0.63     20206

Interacao: 18
              precision    recall  f1-score   support

           A       0.63      0.60      0.62      1061
       A:min       0.61      0.53      0.57      1068
          Ab       0.74      0.61      0.67       822
           B       0.55      0.54      0.54      1010
       B:min       0.62      0.62      0.62      1077
          Bb       0.62      0.70      0.66      1062
           C       0.63      0.64      0.63      1072
      C#:min       0.77      0.70      0.73      1046
           D       0.55      0.58      0.56      1044
         D/5       0.56      0.58      0.57       694
       D:min       0.69      0.77      0.73      1103
           E       0.65      0.65      0.65      1029
       E:min       0.60      0.63      0.62       993
          Eb       0.74      0.74      0.74      1021
           F       0.63      0.75      0.68      1026
          F#       0.68      0.65      0.66       853
      F#:min       0.64      0.65      0.65      1036
           G       0.63      0.64      0.63      1030
         G:7       0.58      0.54      0.56      1078
           N       0.61      0.55      0.58      1081

    accuracy                           0.63     20206
   macro avg       0.64      0.63      0.63     20206
weighted avg       0.64      0.63      0.63     20206

Interacao: 19
              precision    recall  f1-score   support

           A       0.64      0.59      0.61      1061
       A:min       0.56      0.55      0.55      1060
          Ab       0.69      0.62      0.65       817
           B       0.55      0.47      0.51      1057
       B:min       0.58      0.60      0.59      1025
          Bb       0.68      0.67      0.68      1112
           C       0.63      0.63      0.63      1064
      C#:min       0.77      0.71      0.74      1026
           D       0.54      0.56      0.55      1036
         D/5       0.58      0.49      0.53       707
       D:min       0.70      0.76      0.73      1061
           E       0.64      0.62      0.63      1028
       E:min       0.57      0.60      0.58       995
          Eb       0.70      0.78      0.74       986
           F       0.64      0.77      0.70      1093
          F#       0.67      0.66      0.66       844
      F#:min       0.66      0.64      0.65      1073
           G       0.64      0.67      0.66      1087
         G:7       0.50      0.60      0.55      1005
           N       0.63      0.53      0.57      1069

    accuracy                           0.63     20206
   macro avg       0.63      0.62      0.62     20206
weighted avg       0.63      0.63      0.63     20206

Interacao: 20
              precision    recall  f1-score   support

           A       0.61      0.61      0.61      1048
       A:min       0.56      0.57      0.56      1052
          Ab       0.72      0.65      0.68       853
           B       0.58      0.46      0.51      1061
       B:min       0.56      0.63      0.59      1009
          Bb       0.65      0.69      0.67      1070
           C       0.65      0.64      0.64      1079
      C#:min       0.72      0.70      0.71      1028
           D       0.55      0.53      0.54      1046
         D/5       0.54      0.64      0.59       711
       D:min       0.66      0.78      0.72      1040
           E       0.62      0.64      0.63      1013
       E:min       0.58      0.64      0.61      1006
          Eb       0.76      0.70      0.73      1025
           F       0.69      0.72      0.70      1045
          F#       0.68      0.65      0.66       867
      F#:min       0.67      0.61      0.64      1086
           G       0.64      0.67      0.65      1066
         G:7       0.55      0.56      0.56      1028
           N       0.65      0.54      0.59      1073

    accuracy                           0.63     20206
   macro avg       0.63      0.63      0.63     20206
weighted avg       0.63      0.63      0.63     20206

Interacao: 21
              precision    recall  f1-score   support

           A       0.56      0.62      0.59      1040
       A:min       0.58      0.52      0.55      1069
          Ab       0.67      0.64      0.65       795
           B       0.55      0.49      0.52      1062
       B:min       0.62      0.59      0.61      1118
          Bb       0.64      0.68      0.66      1014
           C       0.65      0.63      0.64      1057
      C#:min       0.72      0.70      0.71      1082
           D       0.54      0.61      0.57      1004
         D/5       0.60      0.49      0.53       738
       D:min       0.74      0.74      0.74      1077
           E       0.64      0.63      0.64      1054
       E:min       0.57      0.67      0.62       994
          Eb       0.74      0.73      0.73      1022
           F       0.67      0.73      0.70      1072
          F#       0.66      0.67      0.67       828
      F#:min       0.64      0.62      0.63      1049
           G       0.62      0.65      0.64      1033
         G:7       0.54      0.60      0.57      1051
           N       0.62      0.55      0.58      1047

    accuracy                           0.63     20206
   macro avg       0.63      0.63      0.63     20206
weighted avg       0.63      0.63      0.63     20206

Interacao: 22
              precision    recall  f1-score   support

           A       0.61      0.60      0.61      1060
       A:min       0.59      0.57      0.58      1046
          Ab       0.70      0.64      0.67       837
           B       0.55      0.53      0.54      1066
       B:min       0.63      0.61      0.62      1057
          Bb       0.65      0.71      0.68      1081
           C       0.60      0.69      0.64      1014
      C#:min       0.78      0.64      0.70      1057
           D       0.53      0.56      0.55      1033
         D/5       0.55      0.48      0.51       713
       D:min       0.67      0.79      0.73      1028
           E       0.65      0.62      0.63      1044
       E:min       0.57      0.61      0.59      1032
          Eb       0.75      0.75      0.75      1015
           F       0.68      0.74      0.71      1028
          F#       0.69      0.61      0.65       857
      F#:min       0.64      0.67      0.65      1093
           G       0.64      0.62      0.63      1059
         G:7       0.54      0.57      0.56      1027
           N       0.65      0.57      0.61      1059

    accuracy                           0.63     20206
   macro avg       0.63      0.63      0.63     20206
weighted avg       0.63      0.63      0.63     20206

Interacao: 23
              precision    recall  f1-score   support

           A       0.58      0.63      0.60      1028
       A:min       0.57      0.52      0.55      1058
          Ab       0.69      0.65      0.67       797
           B       0.57      0.48      0.52      1074
       B:min       0.63      0.61      0.62      1030
          Bb       0.63      0.69      0.66       975
           C       0.58      0.69      0.63      1069
      C#:min       0.77      0.71      0.74      1059
           D       0.54      0.61      0.57      1017
         D/5       0.56      0.56      0.56       721
       D:min       0.69      0.77      0.73      1059
           E       0.63      0.62      0.62      1007
       E:min       0.58      0.62      0.60      1080
          Eb       0.77      0.73      0.75      1079
           F       0.68      0.73      0.71      1056
          F#       0.71      0.66      0.68       860
      F#:min       0.67      0.66      0.67      1088
           G       0.67      0.64      0.66      1031
         G:7       0.60      0.57      0.58      1091
           N       0.60      0.52      0.56      1027

    accuracy                           0.63     20206
   macro avg       0.64      0.63      0.63     20206
weighted avg       0.64      0.63      0.63     20206

Interacao: 24
              precision    recall  f1-score   support

           A       0.61      0.64      0.62      1035
       A:min       0.59      0.56      0.57      1059
          Ab       0.65      0.66      0.66       824
           B       0.56      0.45      0.50      1010
       B:min       0.55      0.62      0.58       987
          Bb       0.70      0.70      0.70      1097
           C       0.63      0.63      0.63      1062
      C#:min       0.77      0.69      0.73      1020
           D       0.54      0.58      0.56      1048
         D/5       0.57      0.52      0.54       702
       D:min       0.69      0.76      0.72      1093
           E       0.65      0.65      0.65      1065
       E:min       0.58      0.64      0.61      1067
          Eb       0.76      0.78      0.77      1039
           F       0.70      0.70      0.70      1068
          F#       0.70      0.67      0.69       829
      F#:min       0.63      0.67      0.65      1022
           G       0.66      0.60      0.63      1034
         G:7       0.55      0.60      0.58      1056
           N       0.63      0.56      0.60      1089

    accuracy                           0.64     20206
   macro avg       0.64      0.63      0.63     20206
weighted avg       0.64      0.64      0.64     20206

Interacao: 25
              precision    recall  f1-score   support

           A       0.64      0.63      0.64      1078
       A:min       0.61      0.53      0.57      1066
          Ab       0.71      0.63      0.67       814
           B       0.52      0.53      0.52      1059
       B:min       0.59      0.61      0.60      1026
          Bb       0.65      0.71      0.68      1082
           C       0.65      0.65      0.65      1020
      C#:min       0.78      0.71      0.74      1023
           D       0.54      0.52      0.53       978
         D/5       0.55      0.52      0.54       715
       D:min       0.65      0.80      0.72      1031
           E       0.63      0.64      0.64      1017
       E:min       0.57      0.60      0.58      1064
          Eb       0.76      0.72      0.74      1061
           F       0.67      0.71      0.69      1030
          F#       0.67      0.67      0.67       857
      F#:min       0.69      0.62      0.65      1103
           G       0.64      0.66      0.65      1079
         G:7       0.54      0.63      0.58      1052
           N       0.62      0.53      0.57      1051

    accuracy                           0.63     20206
   macro avg       0.63      0.63      0.63     20206
weighted avg       0.63      0.63      0.63     20206

Interacao: 26
              precision    recall  f1-score   support

           A       0.60      0.61      0.61      1045
       A:min       0.56      0.53      0.54      1096
          Ab       0.69      0.65      0.67       792
           B       0.59      0.49      0.53      1067
       B:min       0.60      0.61      0.60      1067
          Bb       0.64      0.69      0.66      1056
           C       0.61      0.71      0.66      1079
      C#:min       0.78      0.68      0.72      1022
           D       0.54      0.64      0.58      1014
         D/5       0.54      0.50      0.52       718
       D:min       0.74      0.75      0.74      1077
           E       0.63      0.67      0.65      1072
       E:min       0.61      0.59      0.60      1069
          Eb       0.77      0.71      0.74       991
           F       0.67      0.76      0.71      1069
          F#       0.64      0.67      0.65       822
      F#:min       0.67      0.60      0.63      1011
           G       0.67      0.67      0.67      1041
         G:7       0.55      0.60      0.58      1071
           N       0.61      0.53      0.57      1027

    accuracy                           0.63     20206
   macro avg       0.64      0.63      0.63     20206
weighted avg       0.64      0.63      0.63     20206

Interacao: 27
              precision    recall  f1-score   support

           A       0.57      0.61      0.59      1010
       A:min       0.59      0.57      0.58      1037
          Ab       0.72      0.63      0.67       819
           B       0.58      0.51      0.54      1050
       B:min       0.59      0.63      0.61      1049
          Bb       0.65      0.75      0.70      1084
           C       0.63      0.67      0.65      1058
      C#:min       0.76      0.71      0.73      1033
           D       0.54      0.56      0.55      1055
         D/5       0.61      0.50      0.55       769
       D:min       0.68      0.78      0.73      1012
           E       0.67      0.59      0.63      1042
       E:min       0.58      0.56      0.57      1040
          Eb       0.77      0.75      0.76      1049
           F       0.64      0.72      0.68       996
          F#       0.68      0.65      0.66       862
      F#:min       0.64      0.61      0.63      1070
           G       0.64      0.64      0.64      1058
         G:7       0.57      0.57      0.57      1034
           N       0.55      0.59      0.57      1079

    accuracy                           0.63     20206
   macro avg       0.63      0.63      0.63     20206
weighted avg       0.63      0.63      0.63     20206

Interacao: 28
              precision    recall  f1-score   support

           A       0.54      0.61      0.57      1011
       A:min       0.57      0.53      0.55      1050
          Ab       0.70      0.62      0.66       820
           B       0.59      0.51      0.55      1068
       B:min       0.59      0.66      0.63      1049
          Bb       0.65      0.70      0.68      1017
           C       0.66      0.65      0.66      1083
      C#:min       0.76      0.66      0.71      1106
           D       0.54      0.58      0.56      1024
         D/5       0.58      0.52      0.55       699
       D:min       0.74      0.74      0.74      1077
           E       0.62      0.62      0.62      1053
       E:min       0.58      0.60      0.59      1056
          Eb       0.73      0.77      0.75      1039
           F       0.69      0.75      0.72      1058
          F#       0.68      0.65      0.67       825
      F#:min       0.67      0.63      0.65      1069
           G       0.63      0.65      0.64      1041
         G:7       0.53      0.63      0.58      1055
           N       0.58      0.51      0.54      1006

    accuracy                           0.63     20206
   macro avg       0.63      0.63      0.63     20206
weighted avg       0.63      0.63      0.63     20206

Interacao: 29
              precision    recall  f1-score   support

           A       0.63      0.57      0.60      1101
       A:min       0.63      0.52      0.57      1052
          Ab       0.70      0.66      0.68       848
           B       0.58      0.48      0.53      1037
       B:min       0.59      0.61      0.60      1065
          Bb       0.62      0.73      0.67       985
           C       0.61      0.70      0.65      1023
      C#:min       0.74      0.71      0.73      1044
           D       0.58      0.52      0.55      1063
         D/5       0.54      0.58      0.56       722
       D:min       0.67      0.78      0.72      1039
           E       0.61      0.64      0.63      1046
       E:min       0.57      0.57      0.57      1030
          Eb       0.75      0.78      0.76      1008
           F       0.70      0.73      0.72      1041
          F#       0.70      0.63      0.66       828
      F#:min       0.63      0.66      0.65      1052
           G       0.65      0.65      0.65      1087
         G:7       0.56      0.61      0.58      1087
           N       0.60      0.52      0.56      1048

    accuracy                           0.63     20206
   macro avg       0.63      0.63      0.63     20206
weighted avg       0.63      0.63      0.63     20206

