Interacao: 0
[[643  48   6  11  20  53  13  11  15  55   5  37  13   8   9   9  21   8
    3  13]
 [ 60 631   5   3   0  17  45   1  43  31   6  19  74   2  40   0  19  27
   11  28]
 [ 28  15 546  19   5   7   8  29  14   8   5  10  17  22   7   3  12  41
   13   8]
 [ 27  15   9 555 123  50  61  12   3   2   0  51  20  17  12  41  34  13
   27   6]
 [ 19   3   4 117 618  26  43   3  60  30   7  19  16  12   3  22  37   6
   14   4]
 [ 19   6   2  53  12 760  10   1   7   4   9   8   6  47  26  21   8  10
   19  16]
 [  6  79   5  10   7   5 741   6  26   0   9   3  36   3  54   4   5  31
   36  13]
 [  5  16   7  22   1   8  10 771  17   0  73  16   8  17   5  19  46   2
   21   2]
 [ 30  19   9   5  34   8  34   8 625  47  62  10  21  11  22   0   5  43
   47   4]
 [ 72  28   3   2  20  31   4   2  86 398   6   6   9  14   5   1   8   6
   16  25]
 [  7  37   2   0   0   9   8  19  62   4 795   5   5   6  25   0   3   9
   41   9]
 [ 25   8  13  66  13  14   8  23  17   8   0 668  48  35  27   8  13  18
    3   4]
 [ 16  41  11   6  14  10  49  12  28  10   0  47 680   6   8   1   4  38
   21  52]
 [  8   5  36  32   6  38   7   7   6  15   0  85  17 732   4  11   4   7
   11  15]
 [ 14  46   0   1   4  46  66   8   9   0  31   6   7   4 679   2   6   5
   41   3]
 [  6   1   3  53  11  10   9  37   3   1   0   7   4   4   2 553  60   8
   62  11]
 [ 47  13  12  50  31  11   7  38   5   9   7  15   6   9   8  66 674   3
   37   5]
 [  3  17  54   5  14   5  48   2  38   6   4  13  38   4   3   3   1 707
   71   7]
 [  4  15  17  10  10  23  36  11  15   8  52   2  25   9  21  13  18  76
  689  10]
 [ 29  28  15  24   9  23  29  10  16   6  21  34 132  21  21   6   7  36
   37 558]]
              precision    recall  f1-score   support

           A       0.60      0.64      0.62      1001
       A:min       0.59      0.59      0.59      1062
          Ab       0.72      0.67      0.69       817
           B       0.53      0.51      0.52      1078
       B:min       0.65      0.58      0.61      1063
          Bb       0.66      0.73      0.69      1044
           C       0.60      0.69      0.64      1079
      C#:min       0.76      0.72      0.74      1066
           D       0.57      0.60      0.58      1044
         D/5       0.62      0.54      0.58       742
       D:min       0.73      0.76      0.74      1046
           E       0.63      0.66      0.64      1019
       E:min       0.58      0.65      0.61      1054
          Eb       0.74      0.70      0.72      1046
           F       0.69      0.69      0.69       978
          F#       0.71      0.65      0.68       845
      F#:min       0.68      0.64      0.66      1053
           G       0.65      0.68      0.66      1043
         G:7       0.56      0.65      0.60      1064
           N       0.70      0.53      0.60      1062

    accuracy                           0.64     20206
   macro avg       0.65      0.64      0.64     20206
weighted avg       0.65      0.64      0.64     20206

Interacao: 1
[[608  42  11  11  33  64  15  17  21  93   7  36   8   8   6   2  40   3
    9  14]
 [ 40 616  17   6   5  19  49   5  35  26   9  48  54   5  36   1  13  19
   17  35]
 [ 30   9 531  14   2  10   4  31  18   7   5  10   7  21  10   4   7  37
   25  11]
 [ 16  18  14 497 140  31  52  18   5   1   1  58  12  23  14  36  30  10
   19  10]
 [ 21   1   3  65 673  16  27   3  45  38   9  30  18   8   3  13  39   9
   12  10]
 [ 26   3   7  65  25 739  17   5   8  13  20  12   3  34  44   9   8   4
   20  27]
 [ 10  61   4  11  10   7 729   2  41   0   6   3  22   2  41   0   2  37
   32  22]
 [  6  13  13  27   2   2   3 739  22   4  73  29   7  12   9  26  33   2
   29  10]
 [ 14  28  13   5  32   3  38   6 641  46  60   6  31   9  20   0   6  39
   30   9]
 [ 62  25   8   7  19  22   3   2  95 387   7   5   5  15   1   1  14   5
   12  30]
 [  3  32   1   0   5  13   6  22  81   4 802   4   4   2  37   0   2   9
   44   8]
 [ 35  22  10  41  22  12  10  14  10   8   4 696  50  36  33  12  21  21
    6   8]
 [ 12  43  12   7  25  11  37   8  33   7   1  46 603   4   8   1  14  40
   19 112]
 [  8   8  50  31   8  54   0   6  10  10   2  69  10 712   7   8   5   2
   16   9]
 [  8  24   3   7   6  36  72   7  15   1  25  10   1   0 753   3   6   6
   44  15]
 [  7   0   3  41  20   5   6  30   4   4   1   7   3   5   4 556  75  10
   55  12]
 [ 36  10  14  44  25  18   9  34   7   3   7  22   5   9  13  61 721   2
   36   4]
 [  3  22  60   4  18   6  39   5  40  14   4   6  32   8   7   3   0 702
   88  19]
 [  1  20  16  10  17  21  37  12  22  11  28   2  17   8  28  17  14  77
  650  15]
 [ 29  44  19  12  17  25  23   6  25  14  25  34  91  18  14  14   8  27
   27 546]]
              precision    recall  f1-score   support

           A       0.62      0.58      0.60      1048
       A:min       0.59      0.58      0.59      1055
          Ab       0.66      0.67      0.66       793
           B       0.55      0.49      0.52      1005
       B:min       0.61      0.65      0.63      1043
          Bb       0.66      0.68      0.67      1089
           C       0.62      0.70      0.66      1042
      C#:min       0.76      0.70      0.73      1061
           D       0.54      0.62      0.58      1036
         D/5       0.56      0.53      0.55       725
       D:min       0.73      0.74      0.74      1079
           E       0.61      0.65      0.63      1071
       E:min       0.61      0.58      0.60      1043
          Eb       0.76      0.69      0.73      1025
           F       0.69      0.72      0.71      1042
          F#       0.72      0.66      0.69       848
      F#:min       0.68      0.67      0.67      1080
           G       0.66      0.65      0.66      1080
         G:7       0.55      0.64      0.59      1023
           N       0.59      0.54      0.56      1018

    accuracy                           0.64     20206
   macro avg       0.64      0.64      0.64     20206
weighted avg       0.64      0.64      0.64     20206

Interacao: 2
[[652  45  10  14  26  64  11  13  13  84   9  41   7   9   8   2  26   8
    9  21]
 [ 52 570   8   4   5  16  57   4  31  26  33  34  65   4  39   1  13  24
    5  27]
 [ 34   8 550  13   7   9   2  14  15  16   7  14   6  30   6   1   7  30
   15  11]
 [ 32  23  15 565 107  37  52  17   8   4   1  38  25  23  10  24  29   9
   17  13]
 [ 22   1   5  89 704  17  16   4  42  36   7  16  18  10   4  18  39  18
   22  12]
 [ 12   5   6  71  13 724   9  11  11  16  13   6   7  36  37  12   1   2
    8  24]
 [  2  62  11   5  10   5 703   3  33   2   9   2  45   1  57   2   7  47
   27  30]
 [ 10  13  13  20   1   8   6 746  23   5  78  30  11   9   7  29  47   3
   17   1]
 [ 28  22  15   4  52   6  20  14 575  63  83  10  25   8  24   1   3  58
   26   5]
 [ 68  23   4   4  17  22   1   1  68 400   8   3   4  17   4   2   6   6
    7  22]
 [  6  27   0   0   3  17   3  15  35  14 837   4   1   3  39   0   1  19
   23   7]
 [ 30  13  11  51  27  13   7  25   4   9   3 672  59  34  38  10  15  24
    3  15]
 [ 11  32   9   2  21   9  35  10  18   8   1  48 668   3   6   1   6  39
   23  90]
 [  9   4  40  33   7  55  12   6   4  22   3  61   9 693   4  10   5   6
   16  12]
 [ 11  30   6   4   5  35  54   5  15   6  29   3  12   0 774   3   8   8
   31   8]
 [  6   4   2  39  31  12   6  30   5   2   0   5   5   5   3 604  59   8
   47  17]
 [ 42  11   5  42  30   8   8  41   8   9  11  21   7  11   5  64 692   4
   39   6]
 [  7  19  44   3  22   8  29   4  36  16   7   6  38   5   7   2   4 715
   57  15]
 [  1  19  22  10  16  21  37  13  23  23  39   5  21  10  31  22   7  75
  603  21]
 [ 25  28  22  19  14  23  18  13  13  10  23  30 116  15  23  12   6  22
   34 581]]
              precision    recall  f1-score   support

           A       0.62      0.61      0.61      1072
       A:min       0.59      0.56      0.58      1018
          Ab       0.69      0.69      0.69       795
           B       0.57      0.54      0.55      1049
       B:min       0.63      0.64      0.63      1100
          Bb       0.65      0.71      0.68      1024
           C       0.65      0.66      0.65      1063
      C#:min       0.75      0.69      0.72      1077
           D       0.59      0.55      0.57      1042
         D/5       0.52      0.58      0.55       687
       D:min       0.70      0.79      0.74      1054
           E       0.64      0.63      0.64      1063
       E:min       0.58      0.64      0.61      1040
          Eb       0.75      0.69      0.72      1011
           F       0.69      0.74      0.71      1047
          F#       0.74      0.68      0.71       890
      F#:min       0.71      0.65      0.68      1064
           G       0.64      0.68      0.66      1044
         G:7       0.59      0.59      0.59      1019
           N       0.62      0.55      0.59      1047

    accuracy                           0.64     20206
   macro avg       0.64      0.64      0.64     20206
weighted avg       0.65      0.64      0.64     20206

Interacao: 3
[[663  43  10  11  30  66   7   2  17  76   2  29   7  19  17   1  35   5
    5  15]
 [ 48 609   2  11   2  21  49   2  30  33  16  31  68   3  46   1  14  24
   19  22]
 [ 31  12 523  27   1  11   4  30  16  10   4  12   9  32   6   3  15  36
   22   8]
 [ 23   9  12 563  95  48  67  18   3   2   2  50  23  22  16  47  19   6
   22   7]
 [ 26   1   2  97 617  19  33   1  46  37   7  17  20  11   5  24  50   7
   19   1]
 [ 32   5   2  40  16 767  11   3  15   5   8   4   3  51  28  16   4   6
    8  23]
 [  4  61   5  16  12   9 685   6  30   0  13   3  29   0  59   3   2  31
   26  14]
 [ 12  12   8  23   3   3   9 715  28   1  78  20   8  13   9  26  41  11
   20   6]
 [ 22  22  15   8  39  10  32   4 660  47  65   5  18  15  14   1   4  61
   31   5]
 [ 71  24   2   1  16  22   2   1  79 411   7   2  14  24   7   2  10  12
    7  16]
 [ 10  37   0   0   8  14   1   3  60   3 770   5   3   3  33   3   5   6
   23   7]
 [ 43  26  16  57  42   5   3  19   8   7   3 705  40  17  28  16  24  24
    4  16]
 [ 14  44  14   2  18  19  53  12  26  15   0  39 654   4   6   0   4  23
   12 103]
 [  7   8  31  34  10  46   6   7   5  19   6  87  14 722   5   9  13   3
   12  13]
 [  8  37   3   2   5  24  38   6  16   5  37   8   9   1 780   2   5   7
   41   5]
 [  3   2   2  39  16   8   9  29   8   2   0   5   3   8   2 557  73  13
   60   7]
 [ 37   9  10  50  28  14  11  38   9   7   5  17   3   2   6  76 702   2
   35   2]
 [  1  14  44   6  15   6  49   0  52   8   5   5  48   8   4   5   1 683
   79  13]
 [  2  13  21  15   9  18  33  10  22   1  34   4  18   7  28  16  25  98
  632  21]
 [ 35  33  16  11  12  23  26  10  23   7  24  27  94  26  22  17   7  27
   18 585]]
              precision    recall  f1-score   support

           A       0.61      0.63      0.62      1060
       A:min       0.60      0.58      0.59      1051
          Ab       0.71      0.64      0.67       812
           B       0.56      0.53      0.54      1054
       B:min       0.62      0.59      0.61      1040
          Bb       0.67      0.73      0.70      1047
           C       0.61      0.68      0.64      1008
      C#:min       0.78      0.68      0.73      1046
           D       0.57      0.61      0.59      1078
         D/5       0.59      0.56      0.58       730
       D:min       0.71      0.77      0.74       994
           E       0.66      0.64      0.65      1103
       E:min       0.60      0.62      0.61      1062
          Eb       0.73      0.68      0.71      1057
           F       0.70      0.75      0.72      1039
          F#       0.68      0.66      0.67       846
      F#:min       0.67      0.66      0.66      1063
           G       0.63      0.65      0.64      1046
         G:7       0.58      0.62      0.60      1027
           N       0.66      0.56      0.61      1043

    accuracy                           0.64     20206
   macro avg       0.65      0.64      0.64     20206
weighted avg       0.64      0.64      0.64     20206

Interacao: 4
[[682  21   7  11  18  71  13  11  18  56   7  46  10  13   7   2  18   9
    4  15]
 [ 73 560   5   8   6  27  71   2  26  24  22  17  60   5  37   2  20  23
   17  16]
 [ 32   6 546  27   2  13   7  23  13   8  10   8  11  29   7   4   4  43
   15   9]
 [ 23  15  12 576 119  36  44  24   3   4   0  46  22  23   8  26  33  10
   18  11]
 [ 22   2   4 109 654  21  28   2  36  36   2  28  14   4   5  14  44  16
   18  10]
 [ 23   6   5  69   8 753  14   4   7  11  13  11   7  34  44  13   7  10
   11  23]
 [  5  55   3  10   9   5 722   6  31   1   4   4  29   2  60   5   1  43
   27  12]
 [ 11  12  14  23   1   5   6 773  19   2  95  24   6   9  15  26  40   3
   15   1]
 [ 38  27  11   5  28   2  23   6 571  50 116   6  15   7  29   0   8  58
   51   6]
 [ 83  27   3   1  24  19   3   1  75 365   9   3   8  15   4   3  12   7
    8  17]
 [  5  39   3   0   6  10   2  16  40   1 800   4   2   3  22   1   2  15
   21  11]
 [ 38  16   9  51  30  13   9  17  12   9   3 665  35  16  30  14  20  15
    4  14]
 [ 13  25  12  16  25  10  42   5  23   9   0  46 663   3   6   3   5  37
   32  92]
 [ 10   3  41  42  13  54   7   6   5  15   4  86  12 666   5  10   4   7
   11  12]
 [ 11  38   0   4   4  43  72   6   8   1  51  15   4   2 737   1  11   4
   33  11]
 [  3   3   3  49  21   8   9  32   4   4   2   4   6   4   4 585  75   5
   66  13]
 [ 41  11  14  49  26  11  14  37  10   7   8  25  12   3   9  65 663   2
   53   3]
 [  2  21  43   3  22   7  46   1  31  11  11   9  46   3   4   3   1 698
   66   9]
 [  4  20  24  16  12  15  50  10  13  13  56   1  17   8  29  15  11  91
  611  13]
 [ 28  33  19  14  15  32  34  13  14   7  32  21 112  13  17  21   3  29
   37 574]]
              precision    recall  f1-score   support

           A       0.59      0.66      0.62      1039
       A:min       0.60      0.55      0.57      1021
          Ab       0.70      0.67      0.68       817
           B       0.53      0.55      0.54      1053
       B:min       0.63      0.61      0.62      1069
          Bb       0.65      0.70      0.68      1073
           C       0.59      0.70      0.64      1034
      C#:min       0.78      0.70      0.74      1100
           D       0.60      0.54      0.57      1057
         D/5       0.58      0.53      0.55       687
       D:min       0.64      0.80      0.71      1003
           E       0.62      0.65      0.64      1020
       E:min       0.61      0.62      0.61      1067
          Eb       0.77      0.66      0.71      1013
           F       0.68      0.70      0.69      1056
          F#       0.72      0.65      0.68       900
      F#:min       0.68      0.62      0.65      1063
           G       0.62      0.67      0.65      1037
         G:7       0.55      0.59      0.57      1029
           N       0.66      0.54      0.59      1068

    accuracy                           0.64     20206
   macro avg       0.64      0.64      0.64     20206
weighted avg       0.64      0.64      0.64     20206

Interacao: 5
[[671  40   8   8  22  64   7  12  17  64  12  31  10  14  14   3  35   5
    8  22]
 [ 40 591   4   3   4  17  49   8  33  20  14  34  71   8  49   5  17  28
   24  45]
 [ 26  10 537  12   4  12   2  22  19  12   8  19   7  29   8   7  15  50
   17  10]
 [ 26  27   9 518 140  41  58  26   4   2   0  43  20  18  13  35  40   7
   34  12]
 [ 19   1   4  93 643  16  28   2  36  39   7  20  17  10   9  15  36   4
   18  12]
 [ 30   6   4  46  13 727   9   3   2  11   4  10   6  44  42  17   7   6
   10  29]
 [  7  56   4   9   6   7 679   3  31   3   6   2  23   2  77   1   3  37
   43  21]
 [  7   4  13  22   2   6   4 771  21   0  71  22  10   7   6  27  42   2
   14   0]
 [ 34  18  15   2  36   1  17  11 639  47  62  17  18  15  23   1   8  53
   29  16]
 [ 70  26   2   6  22  16   3   2  84 385  10   3  18  21   5   2   7   8
    3  39]
 [  5  26   1   0   1  12   1  20  61   6 804   5   3   4  42   1  10   5
   30  11]
 [ 18   9   6  58  28  13  10  14   8   3   1 718  29  25  28   9  18  22
    4  18]
 [ 12  20   9   2  27  12  50   8  29  11   5  44 652   1  10   0   8  26
    9 112]
 [  2   3  41  43   7  56   1   6   4  17   2  75  10 695   5   3   6   5
   14  10]
 [  6  31   4   2  10  41  48   7   7   3  21   4   7   2 788   4   7   6
   51  10]
 [  4   1   3  41  19   8   8  38  10   1   1   8   2   6   3 547  68   5
   53   7]
 [ 29  12  15  40  38   5  15  39   9   6   5  21   8  10   8  52 683   2
   45   9]
 [  4  18  38   3  21  10  41   5  33   3   4   6  51   6   4   5   1 705
   78  20]
 [  1  13  27   4  15  15  34  27  33  12  41   3  19  10  32  20  16  79
  626  35]
 [ 24  23   8  13  14  23  20  18  23  11  22  29 105  22  20  21   2  23
   37 598]]
              precision    recall  f1-score   support

           A       0.65      0.63      0.64      1067
       A:min       0.63      0.56      0.59      1064
          Ab       0.71      0.65      0.68       826
           B       0.56      0.48      0.52      1073
       B:min       0.60      0.62      0.61      1029
          Bb       0.66      0.71      0.68      1026
           C       0.63      0.67      0.65      1020
      C#:min       0.74      0.73      0.74      1051
           D       0.58      0.60      0.59      1062
         D/5       0.59      0.53      0.55       732
       D:min       0.73      0.77      0.75      1048
           E       0.64      0.69      0.67      1039
       E:min       0.60      0.62      0.61      1047
          Eb       0.73      0.69      0.71      1005
           F       0.66      0.74      0.70      1059
          F#       0.71      0.66      0.68       833
      F#:min       0.66      0.65      0.66      1051
           G       0.65      0.67      0.66      1056
         G:7       0.55      0.59      0.57      1062
           N       0.58      0.57      0.57      1056

    accuracy                           0.64     20206
   macro avg       0.64      0.64      0.64     20206
weighted avg       0.64      0.64      0.64     20206

Interacao: 6
[[696  46  10  12  29  44   8  14  27  56  10  41   9   9   8   4  37   3
    6  22]
 [ 66 586   8   5   6  12  43  10  27   7  18  45  69   1  47   1  16  33
   12  30]
 [ 25  12 525  22   2  12   4  24  22  10   3   6  11  21   4   8  14  34
   18   9]
 [ 16  11   7 496 147  44  43  15   5   2   0  65  17  22   5  49  26   9
   16   9]
 [ 17   0   5  87 671  21  35   3  49  31   2  19  26   8   8  23  38   6
   13  11]
 [ 31   3   4  54  11 789   8   6   8   9  14   9   9  36  35  17   7   4
    9  17]
 [ 11  71   6  20   3   5 709   5  37   3   3   4  40   2  48   1   5  32
   33  16]
 [  4  14  13  21   4   6   5 779  18   2  67  22   9  13   9  24  38   8
   16   7]
 [ 35  22  13   3  21   1  34   7 618  40  67   7  25   8  22   3   7  53
   34  13]
 [ 89  26   7   2  14  18   2   1  84 389  15   4   6  19   0   4  16   9
    9  26]
 [  2  29   1   0   4   6   5  16  52   3 825   4   4   3  29   0   1   8
   27  14]
 [ 30  14  16  44  37  16   3  12  16   3   4 690  51  20  26  18  22  22
    8  20]
 [ 16  39  15   7  14   9  61   4  25  13   1  37 673   2   5   4   9  36
   17  98]
 [  7   7  29  26   2  47   3   8  10  17   3  96  10 697   4   6   9  11
   11  13]
 [ 13  37   1  13   5  47  55   9   6   6  33   6   7   0 752   0   9   7
   31  10]
 [  5   4   3  32  23   7  10  38   8   9   1  11   7   5   3 581  73   7
   49   5]
 [ 41   8  13  29  23   9   8  33   8   4   7  19   6   7   7  86 684   3
   38   3]
 [  5  16  43   5  15   9  49   2  48   5   7  11  45   7   4   7   2 661
   62  12]
 [  0   7  26  12  10  16  33  13  33   3  46   3  24   8  23  20  19  96
  603  25]
 [ 27  39  22  16   9  21  23  13  13   9  27  19 121  24  17  14   9  33
   24 539]]
              precision    recall  f1-score   support

           A       0.61      0.64      0.63      1091
       A:min       0.59      0.56      0.58      1042
          Ab       0.68      0.67      0.68       786
           B       0.55      0.49      0.52      1004
       B:min       0.64      0.63      0.63      1073
          Bb       0.69      0.73      0.71      1080
           C       0.62      0.67      0.65      1054
      C#:min       0.77      0.72      0.75      1079
           D       0.55      0.60      0.58      1033
         D/5       0.63      0.53      0.57       740
       D:min       0.72      0.80      0.75      1033
           E       0.62      0.64      0.63      1072
       E:min       0.58      0.62      0.60      1085
          Eb       0.76      0.69      0.72      1016
           F       0.71      0.72      0.72      1047
          F#       0.67      0.66      0.66       881
      F#:min       0.66      0.66      0.66      1036
           G       0.61      0.65      0.63      1015
         G:7       0.58      0.59      0.59      1020
           N       0.60      0.53      0.56      1019

    accuracy                           0.64     20206
   macro avg       0.64      0.64      0.64     20206
weighted avg       0.64      0.64      0.64     20206

Interacao: 7
[[647  47  12   6  24  57  11   8  21  70   5  38  17   9   5   6  31   6
   12  15]
 [ 66 582   9   4   4  14  48   1  30  27  21  27  81   4  43   1  15  31
   18  23]
 [ 30  11 581  20   3  13   7  17  12   8   2  11  10  37   4   4   6  31
   23  10]
 [ 25  19  15 537 112  22  43  19   2   1   0  43  22  24  12  47  45  13
   23  11]
 [ 27   2   3  99 616  21  26   1  31  31   5  17  16  12   5  26  43  11
   16   7]
 [ 21   3   6  64  10 714   8   5   1  14  24   5   5  33  35  20   7   2
    7  23]
 [ 10  45   0  21   6   4 758   3  33   2   3   3  49   2  52   1   3  35
   37  13]
 [ 11  12  17  21   6   4   3 740  20   2  74  23   7  10   9  35  55   3
   16   5]
 [ 22  30  24   4  26   2  26   6 626  51  70   7  23  10  17   1   6  43
   30  13]
 [ 76  21   4   2  13  22   4   0  79 366  10   2  16  29   1   8   8  10
   11  13]
 [  5  33   0   0   2  12   2  17  56   4 857   2   3   2  31   0   1   7
   25   5]
 [ 24  19  19  56  27  15   5  18  11   8   3 691  52  27  27   8  21  26
    6   9]
 [ 13  26  16   5  21   8  48  10  28   9   2  29 703   3   8   1   8  40
   32  70]
 [  5   2  40  39   9  58   9  12   5  10   4  75  10 682   3  14   3   2
   17  17]
 [  9  32   0   5   8  35  68   1  15   0  41   5   3   1 785   0   2   8
   37   5]
 [  4   2   3  32  14  13  10  18   6   2   0   3   4   6   5 559  66  12
   47   9]
 [ 34  10  21  49  26  12   5  26   7   4  12  23   5   7   9  96 708   1
   38   4]
 [  6   7  44   1  19   8  45   5  51   9   2   5  52   2   7   1   2 696
   63   8]
 [  0  14  14   8  19  18  33  14  33   7  52   3  23   8  32  19   7 101
  629  21]
 [ 26  37  21   7  13  27  37  11  16   6  24  22 131  25  11  19   8  29
   30 536]]
              precision    recall  f1-score   support

           A       0.61      0.62      0.61      1047
       A:min       0.61      0.55      0.58      1049
          Ab       0.68      0.69      0.69       840
           B       0.55      0.52      0.53      1035
       B:min       0.63      0.61      0.62      1015
          Bb       0.66      0.71      0.68      1007
           C       0.63      0.70      0.67      1080
      C#:min       0.79      0.69      0.74      1073
           D       0.58      0.60      0.59      1037
         D/5       0.58      0.53      0.55       695
       D:min       0.71      0.81      0.75      1064
           E       0.67      0.64      0.66      1072
       E:min       0.57      0.65      0.61      1080
          Eb       0.73      0.67      0.70      1016
           F       0.71      0.74      0.73      1060
          F#       0.65      0.69      0.67       815
      F#:min       0.68      0.65      0.66      1097
           G       0.63      0.67      0.65      1033
         G:7       0.56      0.60      0.58      1055
           N       0.66      0.52      0.58      1036

    accuracy                           0.64     20206
   macro avg       0.64      0.64      0.64     20206
weighted avg       0.65      0.64      0.64     20206

Interacao: 8
[[701  24   6   7  23  56  12  16  13  71   2  32   6  10   6   6  26   6
    8  17]
 [ 55 575   3   6   4  25  52   5  26  28  19  21  72   1  46   0  10  37
   16  35]
 [ 31   9 522  21   3  10   5  25  19  10   7   8  12  39   8   0  13  46
   20   7]
 [ 30  11  15 465 161  59  52  11   5   4   0  57  25  25  13  27  40   8
   24  12]
 [ 29   1   4  51 673  15  32   4  38  38   2  15  10  10   1  19  45   9
   12   3]
 [ 28   0   5  57  26 697   7   7  10  17  18   5   3  38  49  10   3   3
   16  16]
 [  7  58   0   8  11   8 733   2  34   1   1   1  41   0  41   0   2  40
   27  21]
 [  6  11   8  13   4  11  10 752  28   2  57  30  12  16  12  26  44   8
   16   4]
 [ 24  24  23   1  44   1  34   4 617  61  58  12  28   7  24   2   6  44
   40   3]
 [ 62  32   4   3  19  16   4   1  73 411   5   4  13  18   1  11  10  11
   10  20]
 [  2  41   4   0   8  16   4  27  59   8 802   6   3   2  32   0   1  12
   45   5]
 [ 39  11  13  36  41  14   6  23   7  10   2 675  57  34  33  12  15  35
    9  11]
 [ 14  27  18   6  18   6  58   7  24  21   0  39 680   5   9   2  10  30
   22  66]
 [ 10   5  28  20   8  52   8   3   6  16   1  89  11 700   2   7  12   2
   19  12]
 [  6  28   2   3   8  38  70   5   9   7  39   2   7   2 756   0   8   8
   38  12]
 [  5   1   1  44  18  11   4  29   3   6   2  10   2   5   8 571  50  15
   56   6]
 [ 31  14  14  38  26  15  21  26   5  10  10  29   9  10   4  68 676   4
   42   2]
 [  6  18  36   1  26   6  47   0  51  12   8   6  33   6   7   2   0 723
   69  16]
 [  0  13  13   8  15  16  30  16  23   5  29   3  24   5  37  15  10  91
  687  14]
 [ 23  23  13  11  11  24  32  16  17  20  19  23 130  25  16  17   4  45
   35 533]]
              precision    recall  f1-score   support

           A       0.63      0.67      0.65      1048
       A:min       0.62      0.56      0.59      1036
          Ab       0.71      0.64      0.67       815
           B       0.58      0.45      0.50      1044
       B:min       0.59      0.67      0.62      1011
          Bb       0.64      0.69      0.66      1015
           C       0.60      0.71      0.65      1036
      C#:min       0.77      0.70      0.73      1070
           D       0.58      0.58      0.58      1057
         D/5       0.54      0.56      0.55       728
       D:min       0.74      0.74      0.74      1077
           E       0.63      0.62      0.63      1083
       E:min       0.58      0.64      0.61      1062
          Eb       0.73      0.69      0.71      1011
           F       0.68      0.72      0.70      1048
          F#       0.72      0.67      0.70       847
      F#:min       0.69      0.64      0.66      1054
           G       0.61      0.67      0.64      1073
         G:7       0.57      0.65      0.61      1054
           N       0.65      0.51      0.58      1037

    accuracy                           0.64     20206
   macro avg       0.64      0.64      0.64     20206
weighted avg       0.64      0.64      0.64     20206

Interacao: 9
[[696  36   7  12  15  57  21   9  10  67   6  39  12  18  11   2  41   7
    7  21]
 [ 56 596   5   6   2  20  43   4  27  30  22  37  65   1  29   0  16  25
   23  41]
 [ 44  13 500  17   4   9   5  41  19  14   5  10  22  34   4   4   8  42
   26   5]
 [ 18  15  10 536 105  39  62  21   7   3   2  49  24  25  19  27  40  10
   24   9]
 [ 14   3   2  83 619  19  23   2  34  38   5  21  20   7   1  19  46  17
   15   7]
 [ 31   3   0  68  10 679  15  12   7  23  11   3  11  39  44  15  12  10
   21  35]
 [ 10  78   4  16   9  14 708   1  32   3   7   4  44   2  56   5   2  43
   29  19]
 [  6  13  11  22   2   0   7 778  16   3  82  13  15  11   5  29  42   3
   30   2]
 [ 23  22  14   5  28   3  33   6 630  52  66   9  22  16  22   4   9  54
   33  19]
 [ 60  12   0   2  19  21   4   5  76 398  10   2  11   9   3   2  12   5
    9  25]
 [  5  34   1   0   2   7   0   9  55   4 776   5   6   4  22   0   5   7
   42   5]
 [ 28  10  13  52  22   7   8  12  10   4   6 689  61  44  26  13  18  16
    7  15]
 [ 16  37   8  12  13  14  35  14  22   4   0  30 675   0   9   1   5  47
   16  92]
 [  8   4  19  24   6  40   8   6   3  16   2  63   5 721   2   8   5   7
   14  18]
 [ 13  33   1   1   6  34  64   5  17   4  52   9   6   0 761   2  13  10
   35  20]
 [  8   0   5  45  16   9   7  19   7  10   2   4   5  11  11 578  73   6
   47  12]
 [ 34  10  11  24  32  10  11  42  11  10   2  12   4   4   9  64 722   4
   34   4]
 [  4  16  33   2  17   5  43   6  31  15  12   7  40   4   9   1   0 716
   63  17]
 [  1   7  12  12  11  12  42   5  22  19  35   2  35   3  17  23  22  85
  615  22]
 [ 26  33  15  11  15  16  28  10  23   9  27  28 114  26  16  13  13  24
   30 604]]
              precision    recall  f1-score   support

           A       0.63      0.64      0.63      1094
       A:min       0.61      0.57      0.59      1048
          Ab       0.75      0.61      0.67       826
           B       0.56      0.51      0.54      1045
       B:min       0.65      0.62      0.64       995
          Bb       0.67      0.65      0.66      1049
           C       0.61      0.65      0.63      1086
      C#:min       0.77      0.71      0.74      1090
           D       0.59      0.59      0.59      1070
         D/5       0.55      0.58      0.56       685
       D:min       0.69      0.78      0.73       989
           E       0.67      0.65      0.66      1061
       E:min       0.56      0.64      0.60      1050
          Eb       0.74      0.74      0.74       979
           F       0.71      0.70      0.70      1086
          F#       0.71      0.66      0.69       875
      F#:min       0.65      0.69      0.67      1054
           G       0.63      0.69      0.66      1041
         G:7       0.55      0.61      0.58      1002
           N       0.61      0.56      0.58      1081

    accuracy                           0.64     20206
   macro avg       0.65      0.64      0.64     20206
weighted avg       0.65      0.64      0.64     20206

Interacao: 10
[[680  31   7   4  20  56  11  13  20  70   5  39   7  11  18   4  28   5
    8  20]
 [ 52 559   6  11   4  15  28   4  44  15  21  22  67   4  32   3  15  26
   11  18]
 [ 43   9 580   7   3   6   2  24  19   8   4  11   4  21   3   5  10  37
   14   6]
 [ 38  13  13 555  92  45  48  17   4   1   1  47  27  19  10  38  35   9
   23  12]
 [ 13   4   5  99 627  23  21   5  50  27  13  20  14  19   4  25  42  13
   15   9]
 [ 25   1   9  58  15 762  15   5   8  19  17   2   7  36  39  10  10   8
   12  31]
 [  7  65   5  25   8  12 728   6  26   3   2   4  37   0  61   2   2  44
   24  13]
 [ 10  16  10  26   2   5   3 738  25   2  63  17  10  10  13  37  37   6
   17   8]
 [ 27  21  14   4  33   1  21   6 640  43  58  13  24   9  24   0   5  58
   43   5]
 [ 68  29  12   1  17  14   4   1  86 396   9   3   4  15   4   0   8   6
    8  17]
 [  7  33   5   2   3  10   0  14  61   2 843   7   4   5  37   0   2   5
   41  14]
 [ 21  16  16  50  25   8   2  18  19   7   1 649  52  24  27  11  19  20
    6  18]
 [ 10  32  10   6  21   7  46  11  28   3   1  36 679   6   9   2   6  37
   24  69]
 [  6   7  37  25   4  60   9   6   6  15   0  95  11 668   5   9   8   5
    8  16]
 [ 14  42   2   3   5  32  63   6  12   3  39   5  11   0 833   0   8   8
   26  17]
 [ 11   3   3  57  10   5   8  26   7   2   3   4   3   9   4 574  71   8
   43   4]
 [ 39  18  10  42  37   8  14  30   4   6   4  22   6   5   6  78 663   2
   31   6]
 [  6  17  53   3  13   6  26   1  46  11   8   6  46   1   5   2   1 759
   57  13]
 [  2  11  17  12  12  24  43  16  24   3  41   4  22   5  30  12  11  93
  642  24]
 [ 30  22  22  11  19  23  23  13  17   4  21  26 128  13  27  12  11  42
   25 533]]
              precision    recall  f1-score   support

           A       0.61      0.64      0.63      1057
       A:min       0.59      0.58      0.59       957
          Ab       0.69      0.71      0.70       816
           B       0.55      0.53      0.54      1047
       B:min       0.65      0.60      0.62      1048
          Bb       0.68      0.70      0.69      1089
           C       0.65      0.68      0.67      1074
      C#:min       0.77      0.70      0.73      1055
           D       0.56      0.61      0.58      1049
         D/5       0.62      0.56      0.59       702
       D:min       0.73      0.77      0.75      1095
           E       0.63      0.64      0.64      1009
       E:min       0.58      0.65      0.62      1043
          Eb       0.76      0.67      0.71      1000
           F       0.70      0.74      0.72      1129
          F#       0.70      0.67      0.68       855
      F#:min       0.67      0.64      0.66      1031
           G       0.64      0.70      0.67      1080
         G:7       0.60      0.61      0.60      1048
           N       0.62      0.52      0.57      1022

    accuracy                           0.65     20206
   macro avg       0.65      0.65      0.65     20206
weighted avg       0.65      0.65      0.65     20206

Interacao: 11
[[655  39   6  10  18  51   7   9  14  93  11  35  18   8   5   2  43   3
   11  15]
 [ 54 583   5   5   4  23  56   4  31  26  30  42  83   4  36   3   8  25
   23  25]
 [ 25  11 547  25   6  10   6  23  15  10   2  10  18  40   5   5  14  29
   24   4]
 [ 17  21  10 563 103  33  43  17   4   4   3  38  30  17   8  37  50   9
   23   5]
 [ 21   2   1  85 620  16  33   2  41  40   9  18  14  11   1  10  47   8
   16   8]
 [ 21   1   5  90   8 715  10   3   4  10  13   6   5  33  28  11   7   2
   13  14]
 [ 10  63   2  12  13   6 711   5  33   1   9   2  44   0  49   2   8  30
   26  14]
 [  6   4  12  28   1   6   2 706  16   3  72  19  16  13   9  28  66   4
   23   5]
 [ 27  21  16   3  35   2  19   5 609  76  80  10  25   7  21   2   8  64
   33  13]
 [ 57  20   3   3  10  24   5   1  65 444   8   6  14  22   6   2  12   3
   12  21]
 [  6  22   0   0   3  10   6  15  56   6 854   2   1   5  30   0   6  12
   30   8]
 [ 23  25  11  65  25  17   6  13  18   7   5 674  59  28  15  16  21  23
    4  10]
 [ 16  24  23  10  21  10  26   9  15   8   1  33 684   2   8   0   5  23
   21  64]
 [  7  10  29  27   6  59   5   3   4  15   7  87  17 736   3   1   4   7
   10  13]
 [  5  33   2   3   6  51  47  14  11   6  41  12   7   2 743   0   6   7
   48   7]
 [  4   1   5  30  20   5   2  21   7   7   0   4   4  12   4 550  97   6
   78   9]
 [ 34   8   6  45  24  17   7  23   9  16   6  16   5   4   6  50 770   2
   30   4]
 [  4  19  47   7   3  12  55   0  33   8   4   6  58   8  10   3   3 689
   58  15]
 [  7  10  21  14  16  23  38  13  26   5  47   1  27   6  26  17  33  73
  615  15]
 [ 28  22  23  13   8  20  37  12  15  11  21  24 119  22  18  16   7  12
   40 592]]
              precision    recall  f1-score   support

           A       0.64      0.62      0.63      1053
       A:min       0.62      0.54      0.58      1070
          Ab       0.71      0.66      0.68       829
           B       0.54      0.54      0.54      1035
       B:min       0.65      0.62      0.63      1003
          Bb       0.64      0.72      0.68       999
           C       0.63      0.68      0.66      1040
      C#:min       0.79      0.68      0.73      1039
           D       0.59      0.57      0.58      1076
         D/5       0.56      0.60      0.58       738
       D:min       0.70      0.80      0.74      1072
           E       0.64      0.63      0.64      1065
       E:min       0.55      0.68      0.61      1003
          Eb       0.75      0.70      0.73      1050
           F       0.72      0.71      0.71      1051
          F#       0.73      0.64      0.68       866
      F#:min       0.63      0.71      0.67      1082
           G       0.67      0.66      0.66      1042
         G:7       0.54      0.60      0.57      1033
           N       0.69      0.56      0.62      1060

    accuracy                           0.65     20206
   macro avg       0.65      0.65      0.65     20206
weighted avg       0.65      0.65      0.65     20206

Interacao: 12
[[692  55  10  15  24  52  22  12  21  68   8  33   9   9  10   1  35   4
    8  22]
 [ 41 606  18   6   4  15  67   9  41  28  22  30  74   2  29   2  13  19
   14  25]
 [ 41   9 563  18   2   9  11  23  26  12   4   6   8  40   5   4  13  36
   12  18]
 [ 19  15   2 508 106  34  64   8   4   5   0  63  20  29  13  36  37  12
   20  12]
 [ 20   0   2  80 624  22  43   3  43  38   6  15  27  15   6  29  49   7
   22   5]
 [ 32   4   4  46  10 726   6   4   4   7  10   9  12  54  36  13   9   6
    9  21]
 [  3  72   4   8   8   8 730   1  34   1   4   1  33   6  41   3   9  38
   31  19]
 [ 13  12  16  26   6   1   8 749  22   1  51  21   9  11  12  15  55   4
   19   1]
 [ 24  24  12   4  36   4  33   9 668  68  60   7  26  12  25   1   5  54
   21   7]
 [ 56  23   1   6  18  20   5   0  71 416   5   5   8  21   2   3  14   5
   15   8]
 [  3  33   3   0   3  12   4  10  71   4 776   4   5   2  28   2   3   6
   21  11]
 [ 35   8  11  52  30  10   5  12  20   5   0 672  42  34  18  13  19  14
    9  13]
 [ 12  34  11   8  13   7  55   7  29   7   1  38 649   1  10   2  10  35
   16  91]
 [  8   2  40  36   3  58  11  10   3  17   3  88  13 703   1  10   4   5
    7  10]
 [  4  44   4   1   7  36  73  11  13   1  37  23   7   3 747   0   5   5
   28  19]
 [  9   2   5  48  14  11   7  44   9   4   1   7   2   4   1 521  81   7
   58   6]
 [ 25   8   8  36  31  13   8  38   8   9   4  12   8   6  11  53 763   2
   32   3]
 [  2  20  66   4   7   3  48   4  40  16   5   9  62   2   4   3   2 651
   59  12]
 [  3  15  22  12  11  15  34  16  30   4  44   3  24  18  30  11  22 102
  619  19]
 [ 30  36  21  14  12  23  29  11  16  13  31  27 115  16  16  17   9  32
   37 522]]
              precision    recall  f1-score   support

           A       0.65      0.62      0.63      1110
       A:min       0.59      0.57      0.58      1065
          Ab       0.68      0.65      0.67       860
           B       0.55      0.50      0.53      1007
       B:min       0.64      0.59      0.62      1056
          Bb       0.67      0.71      0.69      1022
           C       0.58      0.69      0.63      1054
      C#:min       0.76      0.71      0.74      1052
           D       0.57      0.61      0.59      1100
         D/5       0.57      0.59      0.58       702
       D:min       0.72      0.78      0.75      1001
           E       0.63      0.66      0.64      1022
       E:min       0.56      0.63      0.59      1036
          Eb       0.71      0.68      0.70      1032
           F       0.71      0.70      0.71      1068
          F#       0.71      0.62      0.66       841
      F#:min       0.66      0.71      0.68      1078
           G       0.62      0.64      0.63      1019
         G:7       0.59      0.59      0.59      1054
           N       0.62      0.51      0.56      1027

    accuracy                           0.64     20206
   macro avg       0.64      0.64      0.64     20206
weighted avg       0.64      0.64      0.64     20206

Interacao: 13
[[672  43   8   8  12  52  15  14  11  53   8  44   8   3  11   2  31   5
   11  13]
 [ 63 605  11   8   3  31  50   3  22  33  15  23  66   3  35   2  14  18
   13  30]
 [ 42  10 562  10   1  14   6  24  26   9   2   4   1  31   6   3  11  37
   19   4]
 [ 24   7  13 527 127  42  64  21   2   1   0  62  17  30  11  39  48   5
    6  11]
 [ 39   4   4  86 629  20  25   5  54  31   5  24  14   8   7  20  44   9
   14   3]
 [ 19   4   7  48  12 785   8   9   9  10  10   9   5  33  51  13   6   7
    8  12]
 [  9  73   0   6   8  14 721   4  18   2   7   2  29   0  62   3   2  29
   31   8]
 [ 11  10  12  17   5   3   5 767  24   0  70  22  11  11   9  21  37   3
   17   4]
 [ 38  24  24   2  42   1  53   6 597  50  87  14  26  13  20   3   5  45
   32   6]
 [ 90  37  11   2  15  22   3   0  75 394  13   6   8  10  10   0  10   3
    9  29]
 [  5  20   2   0   2  11   4  17  45   5 824   4   2   4  42   1   3   9
   24   7]
 [ 28   6  16  38  28  17   4  11  12   7   2 730  50  13  33   8  16  21
    1   6]
 [ 13  39  10   4  15  13  49   6  31  11   3  41 643   2   4   2  12  34
   26  77]
 [  9   1  51  24   2  67   8   6   5  13   6  83   1 665   4  10   4   4
   18  11]
 [ 12  47   3   2   4  39  52   9  11   0  48  10   4   0 767   0   4   3
   34   7]
 [  3   2   3  25  10  14   7  35   9   1   0  10   3  11   9 576  58   7
   51  14]
 [ 43  22  11  23  21  10  12  35   7   8  11  23   4  10   8  74 717   2
   24   4]
 [  2  21  30   3  18   8  46   2  40  10   6   7  37   3   8   5   5 684
   61  17]
 [  1  13  20  15  10  26  45  16  52   8  63   5  21   3  26  15  21  87
  614  16]
 [ 36  33  16  13   7  24  39  17  15  14  35  26 112  17  31  14  10  39
   25 532]]
              precision    recall  f1-score   support

           A       0.58      0.66      0.62      1024
       A:min       0.59      0.58      0.58      1048
          Ab       0.69      0.68      0.69       822
           B       0.61      0.50      0.55      1057
       B:min       0.65      0.60      0.62      1045
          Bb       0.65      0.74      0.69      1065
           C       0.59      0.70      0.64      1028
      C#:min       0.76      0.72      0.74      1059
           D       0.56      0.55      0.55      1088
         D/5       0.60      0.53      0.56       747
       D:min       0.68      0.80      0.73      1031
           E       0.64      0.70      0.66      1047
       E:min       0.61      0.62      0.61      1035
          Eb       0.76      0.67      0.71       992
           F       0.66      0.73      0.69      1056
          F#       0.71      0.68      0.69       848
      F#:min       0.68      0.67      0.67      1069
           G       0.65      0.68      0.66      1013
         G:7       0.59      0.57      0.58      1077
           N       0.66      0.50      0.57      1055

    accuracy                           0.64     20206
   macro avg       0.65      0.64      0.64     20206
weighted avg       0.65      0.64      0.64     20206

Interacao: 14
[[710  36   7  12  19  53   4  12  21  56   4  30   7   4  10   4  42   9
   12  12]
 [ 70 612  12   3   4   9  37   3  24  34  10  35  62   5  45   3  14  23
   15  31]
 [ 33  10 554  21   2   8   7  29  24   6   6  15   7  36   8   3  16  32
   14   8]
 [ 29  10  10 543  85  26  39  12   4   4   0  48  20  19  17  39  32   9
   26  16]
 [ 18   1   4 124 622  13  22   1  47  36   8  11  19  16   6  23  45   8
   14   7]
 [ 29   3   6  60   9 739  13   8  10  12  12   5   6  41  48  10   6   5
   15  16]
 [  7  67   3  14   7   7 689   8  36   0   4   8  47   4  75   3   2  44
   33  15]
 [  6  10  11  20   2   0   5 721  24   4  59  25   8  10   6  39  39   6
   20   7]
 [ 30  19  12   7  44   5  21   7 633  60  57   7  18  10  21   2  14  56
   33  14]
 [ 79  31   3   0  23  21   1   2  74 404   6   0  10  18   2   3   8   7
    8  23]
 [  6  38   0   0   0   9   1  15  61   9 838   6   5   2  33   0   8  11
   31  11]
 [ 45  18  16  46  28   8   3  17  11   2   3 685  40  17  34  16  22  21
    4  17]
 [ 10  39  25   8  12   8  30   4  34  13   1  40 644   5   3   3  11  31
   20  85]
 [  6   5  27  24   5  38   4   5   9  24   4  68  11 744   5   5   8   9
    7   7]
 [ 13  24   1   5   6  27  44  12  16   3  30   6   4   2 796   2   4   8
   32   9]
 [  7   1   5  42  16   9   3  22   6   6   2  10   1   7   6 564  73   6
   34  13]
 [ 27  11  12  39  18  12   9  36   9   7   5  22   5   5   4  51 707   5
   34   1]
 [  6  15  37   4  17   7  31   5  40  14   7   8  49   1  11   4   1 730
   82  10]
 [  2  12  13  13   7  21  34  23  42  10  39   3  15   7  41  20  25  59
  654   9]
 [ 36  33  13  19  13  23  21  10  17  16  24  21 109  23  25  18   8  31
   24 592]]
              precision    recall  f1-score   support

           A       0.61      0.67      0.64      1064
       A:min       0.62      0.58      0.60      1051
          Ab       0.72      0.66      0.69       839
           B       0.54      0.55      0.55       988
       B:min       0.66      0.60      0.63      1045
          Bb       0.71      0.70      0.71      1053
           C       0.68      0.64      0.66      1073
      C#:min       0.76      0.71      0.73      1022
           D       0.55      0.59      0.57      1070
         D/5       0.56      0.56      0.56       723
       D:min       0.75      0.77      0.76      1084
           E       0.65      0.65      0.65      1053
       E:min       0.59      0.63      0.61      1026
          Eb       0.76      0.73      0.75      1015
           F       0.67      0.76      0.71      1044
          F#       0.69      0.68      0.69       833
      F#:min       0.65      0.69      0.67      1019
           G       0.66      0.68      0.67      1079
         G:7       0.59      0.62      0.61      1049
           N       0.66      0.55      0.60      1076

    accuracy                           0.65     20206
   macro avg       0.65      0.65      0.65     20206
weighted avg       0.65      0.65      0.65     20206

Interacao: 15
[[650  41  17  15  22  41  19  14  17  74   5  48  15   8  14   2  26   7
    7  17]
 [ 44 590  11   3   8  10  41  12  30  36  25  34  73   5  49   1   9  22
   19  38]
 [ 31  10 596  16   5   6   4  17  10   6   1   9   6  23   5   3   9  22
   10   8]
 [ 23  16  14 522 123  37  48  13   0   3   2  61  19  26  14  32  40  12
   19   8]
 [ 15   0   9  88 658  23  26   3  41  43   3  22   9  14   1  23  25  12
   17   5]
 [ 30   3  13  61  21 747   7  14   3  19  15   6   6  39  37  17  11   3
   16  15]
 [  3  75   2  12   9  12 707   5  22   3   5   0  39   7  54   7   1  35
   40  12]
 [  9  15  25  14   0   4   5 766  24   1  54  32   9  12  13  24  34   7
   10   3]
 [ 20  25  20   5  41   5  32  13 614  63  62   9  21   9  16   3   7  37
   49   9]
 [ 45  26   8   1  19  23   5   4  91 394   8   7  14  15   1   1   7   5
    7  25]
 [  6  31   2   0   4  12   4  24  57   2 803   4   5   3  27   0   4   7
   22  11]
 [ 24   7  19  36  46  13   4  13   8   7   4 693  38  24  35  11  18  13
    3  15]
 [ 12  25  18  12  18   4  51   3  26   5   0  39 624   9   9   0   9  32
   28  73]
 [ 12   5  45  26   7  48   3   5   4  25   3  92   8 745   4  12   7   4
   13   7]
 [  7  25   1   2   8  46  49  12  16   4  32  14   8   0 776   1   3   2
   39   8]
 [  2   0   3  39  25   9   6  25   2   7   1   4   4   7   6 570  71   8
   47   8]
 [ 41  17  11  34  31  15   9  53   9   9   9  18   5  11   8  68 670   0
   29   2]
 [  4  19  69   2  17   7  48   5  39  11   6   8  43   2   6   3   1 690
   66  19]
 [  3  17  32   8  13  19  27  18  24   8  40   3  23   5  42  19  15  71
  640  17]
 [ 16  25  16  16  18  26  37  10  26   7  26  31 125  17  18  15   8  20
   24 594]]
              precision    recall  f1-score   support

           A       0.65      0.61      0.63      1059
       A:min       0.61      0.56      0.58      1060
          Ab       0.64      0.75      0.69       797
           B       0.57      0.51      0.54      1032
       B:min       0.60      0.63      0.62      1037
          Bb       0.67      0.69      0.68      1083
           C       0.62      0.67      0.65      1050
      C#:min       0.74      0.72      0.73      1061
           D       0.58      0.58      0.58      1060
         D/5       0.54      0.56      0.55       706
       D:min       0.73      0.78      0.75      1028
           E       0.61      0.67      0.64      1031
       E:min       0.57      0.63      0.60       997
          Eb       0.76      0.69      0.72      1075
           F       0.68      0.74      0.71      1053
          F#       0.70      0.68      0.69       844
      F#:min       0.69      0.64      0.66      1049
           G       0.68      0.65      0.67      1065
         G:7       0.58      0.61      0.60      1044
           N       0.66      0.55      0.60      1075

    accuracy                           0.65     20206
   macro avg       0.65      0.65      0.64     20206
weighted avg       0.65      0.65      0.65     20206

Interacao: 16
[[642  42  16   8  27  69  14  19  17 101   5  35  10  10  12   4  31   5
    7  17]
 [ 35 590   8   2   2  22  39   8  38  39  29  28  71   3  44   3  14  28
   18  33]
 [ 22   9 572  20   2  10   9  30  17   7   5  10   7  21  10   2  15  34
   22   4]
 [ 29  14  12 499 148  37  57  14   4   3   0  48  27  36  17  34  25  11
   13  14]
 [ 22   4   6  73 722  20  32   8  37  38   5  21  21  10   3  15  29   7
   11  10]
 [ 21   0   7  59  19 722  11   8   4  14  12   9   8  28  42   8   6  10
   13  18]
 [ 10  58   2  10   9   7 739   3  34   3   3   0  18   4  58   0   4  39
   29   9]
 [ 10   2  11  19   3   9   2 760  16   2  81  20   9   9  11  30  30   3
    8   6]
 [ 16  19  23   4  30   4  25   2 622  57  93   6  23  11  21   1   5  67
   25   9]
 [ 51  23  10   1  16  27   2   1  67 418  10   4  14  19   6   1  11   7
   12  14]
 [  4  28   0   0   4  11   5  21  37   4 874   6   2   3  29   1   3   8
   30  13]
 [ 28   9  17  39  49  11   2  25   8   6   2 694  52  28  32  12  12  15
    3  16]
 [  9  38  13   5  23  11  45  13  23   9   0  42 668   6   6   0   3  29
   13  86]
 [  2   3  36  30   5  50   7   3   3  10   2  80   7 753   5   0   3   4
   18   9]
 [  7  27   4   1   5  44  53  11  11   9  35   6   3   4 739   0   8   3
   39   9]
 [  8   0   3  45  27  16   9  23   4   5   2   7   3   4   1 583  62   8
   61   8]
 [ 31  13  11  46  32  13  14  41   7  10   5  12   5  17   9  82 666   4
   29   2]
 [  5  20  53   0  15   8  46   3  31  13   7   6  37   3   7   1   0 694
   72  17]
 [  2  13  15   6  12  16  33  10  29   4  30   2  21   7  24  20  12 105
  622  10]
 [ 21  34  18  10  13  27  28   9  21   3  31  43 118  20  20   9   3  33
   31 537]]
              precision    recall  f1-score   support

           A       0.66      0.59      0.62      1091
       A:min       0.62      0.56      0.59      1054
          Ab       0.68      0.69      0.69       828
           B       0.57      0.48      0.52      1042
       B:min       0.62      0.66      0.64      1094
          Bb       0.64      0.71      0.67      1019
           C       0.63      0.71      0.67      1039
      C#:min       0.75      0.73      0.74      1041
           D       0.60      0.59      0.59      1063
         D/5       0.55      0.59      0.57       714
       D:min       0.71      0.81      0.76      1083
           E       0.64      0.65      0.65      1060
       E:min       0.59      0.64      0.62      1042
          Eb       0.76      0.73      0.74      1030
           F       0.67      0.73      0.70      1018
          F#       0.72      0.66      0.69       879
      F#:min       0.71      0.63      0.67      1049
           G       0.62      0.67      0.64      1038
         G:7       0.58      0.63      0.60       993
           N       0.64      0.52      0.57      1029

    accuracy                           0.65     20206
   macro avg       0.65      0.65      0.65     20206
weighted avg       0.65      0.65      0.65     20206

Interacao: 17
[[579  44  15  10  26  53  13  17  14  99  11  38  10  12   9   1  29   4
    6  15]
 [ 49 574  11  11   2  17  48   4  41  23  20  32  78   6  50   1  16  16
   15  32]
 [ 23  14 567  26   6   3   6  25  16   8   3  13   9  34   7   3   7  19
   13   6]
 [ 21  13  13 513 136  42  55  15   1   1   0  48  19  36   8  30  30  11
   20   3]
 [ 11   2   6  70 724  11  24   3  47  38   7  17  29  13   6  13  35  13
   15  12]
 [ 26   5   5  54  25 736   5  10  10  27  13   8  14  45  47  13  11   3
   23  18]
 [  9  63   0  11   8   6 718   6  38   2   7   2  28   4  44   2   4  46
   29  10]
 [  3  15  12  16   1   3   9 745  22   1  59  30   5  11  11  15  35   3
   21   1]
 [ 26  19  16   5  37   5  29   9 656  63  54   9  24  10  27   1   6  40
   31  11]
 [ 51  33   2   2  14  12   3   1  65 430   8   1   7  13   3   5  11   8
   12  15]
 [  1  27   1   0   3  11   6  22  68   4 813   3   3   5  31   1   6   7
   24   8]
 [ 25   7  24  41  46  11   7  18  11   6   2 678  44  35  19   8  18  20
    5  11]
 [  9  39  16   7  18   5  56   7  31  11   1  33 683   5   4   0  12  34
   20  77]
 [  8   5  38  35   8  36   5   3   3  12   4  77   6 742   4   7   1   5
    6   8]
 [  2  38   1   5   4  36  57   6   9   2  36   8   4   3 783   0   6   5
   36  10]
 [  7   2   4  37  17   9  10  24   8   2   0  13   5  10   3 528  81   9
   66  10]
 [ 42  11  16  35  38   8  11  43   9  12   3  32   9  11   2  51 665   1
   33   8]
 [  2  20  71   6  10   6  37   1  41  17   4   7  49   4   4   3   1 710
   69  14]
 [  1  19  27   9  14  13  39  14  35  13  35   2  14   8  26  16  16  80
  666  10]
 [ 35  27  19  17  17  23  40  11  24  12  20  33 141  20  23  18   6  18
   32 543]]
              precision    recall  f1-score   support

           A       0.62      0.58      0.60      1005
       A:min       0.59      0.55      0.57      1046
          Ab       0.66      0.70      0.68       808
           B       0.56      0.51      0.53      1015
       B:min       0.63      0.66      0.64      1096
          Bb       0.70      0.67      0.69      1098
           C       0.61      0.69      0.65      1037
      C#:min       0.76      0.73      0.74      1018
           D       0.57      0.61      0.59      1078
         D/5       0.55      0.62      0.58       696
       D:min       0.74      0.78      0.76      1044
           E       0.63      0.65      0.64      1036
       E:min       0.58      0.64      0.61      1068
          Eb       0.72      0.73      0.73      1013
           F       0.70      0.75      0.72      1051
          F#       0.74      0.62      0.68       845
      F#:min       0.67      0.64      0.65      1040
           G       0.67      0.66      0.67      1076
         G:7       0.58      0.63      0.61      1057
           N       0.66      0.50      0.57      1079

    accuracy                           0.65     20206
   macro avg       0.65      0.65      0.65     20206
weighted avg       0.65      0.65      0.65     20206

Interacao: 18
[[649  40  10  10  19  62  12   6  20  63   5  33  10  12  11   6  40  11
    9  25]
 [ 61 583   8   3   9  25  39   3  30  39  18  33  75   5  56   1  20  25
   20  24]
 [ 23  14 495  22   2  12   5  28  24   7   7  13   9  35   3   3   7  49
   22   8]
 [ 28  14  14 489 103  36  60  20   3   2   1  42  19  28  13  43  31  10
   32  16]
 [ 28   3   3  95 641  23  41   6  42  28  11  15  13  17   8  24  32   6
   14   6]
 [ 20   2   5  56  17 707  12   3   7   9  12   9   1  44  37  19   4   8
   11  18]
 [  8  73   0  15   4   7 732  11  28   1   5   2  39   4  63   0   6  39
   36  18]
 [  8  15   3  16   3   6   2 721  18   3  61  27  12  14  10  29  41  13
   25   3]
 [ 19  25  18   3  41   4  23  11 652  36  72   7  20  14  26   2  10  49
   40   5]
 [ 65  24   3   6  17  26   1   1 100 395  11   4   6  16   4   1  13   8
   15  17]
 [  5  30   2   0   6  10   2  13  52   3 825   3   7   1  25   0   2   6
   39   9]
 [ 28   9  11  57  27  13   4  16  22   6   0 694  35  36  29   9  11  24
    8  15]
 [ 16  32   5  12  20   9  43  12  34  13   3  37 644   8   9   0  11  48
   29  62]
 [  2   3  31  27   9  47   6   4   6  10   5  82   8 741   4   7   3   7
   15  13]
 [  8  28   1   2   6  39  48   5  11   1  29   7   4   3 762   0   5  11
   35   8]
 [  2   1   1  36  20  12   4  31   8   3   2   2   3   8   1 613  52   5
   63  12]
 [ 40   8   7  38  34  12   9  45  12  11   6  19   5   5  11  88 661   5
   34   3]
 [  2  21  38   5  15   6  51   3  50  11   7  11  38   6   8   3   2 679
   70  16]
 [  2  17  21  12  14  17  35  14  24   7  57   3  19   4  26  24  11  93
  633  22]
 [ 27  27  16  17   4  31  32  12  20  20  27  25 156  25  24  17   2  31
   39 531]]
              precision    recall  f1-score   support

           A       0.62      0.62      0.62      1053
       A:min       0.60      0.54      0.57      1077
          Ab       0.72      0.63      0.67       788
           B       0.53      0.49      0.51      1004
       B:min       0.63      0.61      0.62      1056
          Bb       0.64      0.71      0.67      1001
           C       0.63      0.67      0.65      1091
      C#:min       0.75      0.70      0.72      1030
           D       0.56      0.61      0.58      1077
         D/5       0.59      0.54      0.56       733
       D:min       0.71      0.79      0.75      1040
           E       0.65      0.66      0.65      1054
       E:min       0.57      0.62      0.59      1047
          Eb       0.72      0.72      0.72      1030
           F       0.67      0.75      0.71      1013
          F#       0.69      0.70      0.69       879
      F#:min       0.69      0.63      0.66      1053
           G       0.60      0.65      0.63      1042
         G:7       0.53      0.60      0.56      1055
           N       0.64      0.49      0.55      1083

    accuracy                           0.64     20206
   macro avg       0.64      0.64      0.63     20206
weighted avg       0.64      0.64      0.63     20206

Interacao: 19
[[640  46   5  14  15  61  16  12  15  71   9  28   8  11   9   3  28   2
    4  10]
 [ 52 580   6   4   3  22  47   4  25  27  22  19  69   7  42   1  11  36
   19  30]
 [ 40   8 522  28   5  11   7  24  26   6   7  12   7  35   4   3  12  41
   18   9]
 [ 25  14  11 552  97  28  53   6   3   2   4  44  14  14  14  46  47  12
   20   5]
 [ 24   1   8 115 672  11  33   2  42  30   4  22  12   5   3  22  54  13
   22   2]
 [ 11   3   4  72  15 770   8   1  10  16  14   3   7  45  43  14   9   5
   19  19]
 [  8  71   3  14   5   9 704   5  30   0   2   6  30   1  52   0  14  42
   40  14]
 [  9  12  20  26   0   2   3 703  12   1  80  28   6  10  14  27  56   4
   21   2]
 [ 31  23  15   9  36   5  25  13 600  51  77   8  18  15  15   1   7  49
   31   9]
 [ 89  24   6   4  21  17   3   1 103 382  19   4   5   9   5   3  13   8
   14  21]
 [  8  38   2   0   2   9   5  17  40   5 821   3   3   1  25   1   3   4
   25  13]
 [ 37  18  11  62  43  12   4  13  13   7   5 703  52  24  25  17  12  21
    8  17]
 [ 18  31   7  15  14  13  51   8  24  11   2  42 631   9   8   2  13  43
   31  67]
 [  5   3  30  41   7  56   3   4   2  25   6  77  12 710   5   6   3   0
   11   8]
 [  9  39   3   1   8  32  41   9  15   2  33   3   4   2 748   0   6   4
   45   9]
 [  5   3   5  33  15  14   6  22   7   4   1   5   2   2   1 578  42   7
   63  13]
 [ 47  10  13  53  18  12  14  27  12  12   7  19   6   4   5  76 716   5
   46   7]
 [  2  12  56   8  15  11  38   1  37   8  12   5  40   2   9   0   1 705
   71   6]
 [  2  13  26  10  18  19  32  13  28  10  45   5  16   9  22  24  11  71
  643  12]
 [ 32  38  16   6   8  20  38  11  24   9  29  27 132  17  17  20   8  26
   34 564]]
              precision    recall  f1-score   support

           A       0.59      0.64      0.61      1007
       A:min       0.59      0.57      0.58      1026
          Ab       0.68      0.63      0.65       825
           B       0.52      0.55      0.53      1011
       B:min       0.66      0.61      0.64      1097
          Bb       0.68      0.71      0.69      1088
           C       0.62      0.67      0.65      1050
      C#:min       0.78      0.68      0.73      1036
           D       0.56      0.58      0.57      1038
         D/5       0.56      0.51      0.53       751
       D:min       0.68      0.80      0.74      1025
           E       0.66      0.64      0.65      1104
       E:min       0.59      0.61      0.60      1040
          Eb       0.76      0.70      0.73      1014
           F       0.70      0.74      0.72      1013
          F#       0.68      0.70      0.69       828
      F#:min       0.67      0.65      0.66      1109
           G       0.64      0.68      0.66      1039
         G:7       0.54      0.62      0.58      1029
           N       0.67      0.52      0.59      1076

    accuracy                           0.64     20206
   macro avg       0.64      0.64      0.64     20206
weighted avg       0.64      0.64      0.64     20206

Interacao: 20
[[642  44   8   7  21  65  12  17  27  67   7  34   6   8   5   3  28  11
   10  17]
 [ 43 599  11   5   3  22  48  11  23  29  35  25  71   1  31   2  12  25
   12  26]
 [ 34  14 562  18   1   6   5  17  16  11   7  10   9  31   4   6  18  35
   16   4]
 [ 32  16  16 478 116  40  58  16   5   0   2  69  28  27   8  45  46   9
   22   5]
 [ 23   2   2 107 608  25  27   5  43  39   6  21  26  10   3  30  56  15
   20   7]
 [ 28   2   7  60  13 753   7   6   7  16   8   8   7  33  46  15   4   9
   12  22]
 [  6  75   3  19   3  10 661   4  28   0   5   2  40   4  66   4   8  43
   31  17]
 [ 11   8   8  19   4   4   8 718  30   3  50  17  11  12  13  24  40   6
   20   2]
 [ 23  29  12   4  30   4  36   9 614  49  86  12  23  11  13   3   8  56
   36   5]
 [ 64  25   9   2  16  25   2   2  81 428  11   9   9  21   0   4  13   7
   13  18]
 [ 11  29   6   0   5   7   3  23  48   4 813   4   3   1  30   1   5  11
   36   5]
 [ 30  13  13  52  27   9   6  18  20   7   2 680  54  19  31  20  23  17
    4  18]
 [ 16  24  15   8  19  11  46   5  36  10   5  48 663   4  10   2  11  27
   23  80]
 [  5   7  30  19  10  51   4   3   6  12   1  89  11 730   6  11   6   5
    9   8]
 [ 12  38   3   3   6  47  55  10  11   7  34   4   6   4 779   0   4   8
   45   3]
 [  1   2   2  24  15  11   9  27   3   4   1   5   3  10   3 569  63   5
   49   7]
 [ 22  16   4  30  20   8  10  27   7   7   5  13   4   9   8  68 703   1
   48   2]
 [  3  23  42   6  15  11  35   3  37  10   5   4  45   2   6   9   5 708
   66   7]
 [  3  16  24   5  10  24  41  20  30   4  38   4  27  11  28  22  22  94
  656  14]
 [ 25  38  14  18   7  16  28  19  15  21  25  34 114  20  20  15   5  51
   18 538]]
              precision    recall  f1-score   support

           A       0.62      0.62      0.62      1039
       A:min       0.59      0.58      0.58      1034
          Ab       0.71      0.68      0.70       824
           B       0.54      0.46      0.50      1038
       B:min       0.64      0.57      0.60      1075
          Bb       0.66      0.71      0.68      1063
           C       0.60      0.64      0.62      1029
      C#:min       0.75      0.71      0.73      1008
           D       0.56      0.58      0.57      1063
         D/5       0.59      0.56      0.58       759
       D:min       0.71      0.78      0.74      1045
           E       0.62      0.64      0.63      1063
       E:min       0.57      0.62      0.60      1063
          Eb       0.75      0.71      0.73      1023
           F       0.70      0.72      0.71      1079
          F#       0.67      0.70      0.68       813
      F#:min       0.65      0.69      0.67      1012
           G       0.62      0.68      0.65      1042
         G:7       0.57      0.60      0.59      1093
           N       0.67      0.52      0.58      1041

    accuracy                           0.64     20206
   macro avg       0.64      0.64      0.64     20206
weighted avg       0.64      0.64      0.64     20206

Interacao: 21
[[678  26   9  10  20  55   9   7  17  72   7  33   7   8  11   6  41   5
    5  15]
 [ 60 585  11   5   6  10  52   4  44  34  20  23  63  13  52   2  14  24
   15  14]
 [ 34  16 580  17   4   7   9  25  22   7   2   9   2  35   6   3  15  20
   14   3]
 [ 22  10  14 512  98  40  66  21   6   2   0  48  16  25   8  43  37  11
   22   9]
 [ 19   2   3 119 612  20  29   2  50  39   4  22  21   6   2  19  48   9
   17   9]
 [ 14   4   7  53  12 710  11   5  11  11  15  12   8  39  47  17   8   2
   18  27]
 [ 12  70   3  15   7   4 760   8  36   2   5   0  36   2  57   3   2  40
   38  14]
 [  7   8  17  23   0   2   5 775  19   4  77  19  11  12  11   9  40   2
   20   5]
 [ 36  17  11   3  26   2  25   2 660  60  69   8  24  13  19   2   8  41
   39   6]
 [ 69  19   3   4   7  20   2   1  88 411   7   2   5  24   5   0  14   4
   18  16]
 [  4  24   1   0   4   7   6  15  67   5 858   8   5   1  21   0   5   5
   32   5]
 [ 34   4  25  61  24   7  11  20  17   8   0 634  35  26  34  14  16  23
    3  18]
 [ 17  31  17   5  13  10  48  13  28  19   2  40 656   6   7   1  11  35
   21  81]
 [  7   9  38  23   6  46   6   4   8  20   4  86  12 689   4   5   2   4
   10  13]
 [  5  32   0   2   3  23  50   3  21   5  30   4   8   5 782   2   4   6
   39   8]
 [  4   1   5  27  24  10  12  30   4   6   0   7   2  10   9 558  68   7
   67   6]
 [ 32   6   8  26  25   8  11  39   5   5   9  18   3  10  11  66 679   1
   39   3]
 [  4  16  58   4  16   5  52   2  46  18   4   9  39   4   8   3   2 670
   78   8]
 [  2  11  18   6  15  17  38  14  31  12  34   3  20   3  43  24  15  90
  638  20]
 [ 27  26  17  19  11  28  39  12  30   3  42  34 126  17  23  28   6  29
   20 547]]
              precision    recall  f1-score   support

           A       0.62      0.65      0.64      1041
       A:min       0.64      0.56      0.59      1051
          Ab       0.69      0.70      0.69       830
           B       0.55      0.51      0.53      1010
       B:min       0.66      0.58      0.62      1052
          Bb       0.69      0.69      0.69      1031
           C       0.61      0.68      0.65      1114
      C#:min       0.77      0.73      0.75      1066
           D       0.55      0.62      0.58      1071
         D/5       0.55      0.57      0.56       719
       D:min       0.72      0.80      0.76      1073
           E       0.62      0.63      0.62      1014
       E:min       0.60      0.62      0.61      1061
          Eb       0.73      0.69      0.71       996
           F       0.67      0.76      0.71      1032
          F#       0.69      0.65      0.67       857
      F#:min       0.66      0.68      0.67      1004
           G       0.65      0.64      0.65      1046
         G:7       0.55      0.61      0.58      1054
           N       0.66      0.50      0.57      1084

    accuracy                           0.64     20206
   macro avg       0.64      0.64      0.64     20206
weighted avg       0.64      0.64      0.64     20206

Interacao: 22
[[652  57   6  11  14  49  16  16  14  55   7  34  17  14  12   3  42   7
    2  12]
 [ 52 600  19   4   6   5  58   2  39  22  24  37  89   7  48   2  13  32
   15  18]
 [ 26  17 536  21   8   9  10  26  22   7   6   8   7  22   9   5  10  31
   17  13]
 [ 30  16  15 501 117  46  52  14   8   2   1  65  23  23   7  30  42   9
   26   6]
 [ 23   1   2 103 622  19  30   1  48  34   6  14  21   9  12  10  57  15
   15   7]
 [ 19   5   4  46  11 743  13   4  13  11  16   1   4  63  64   6  12   3
   12  32]
 [  6  76   2   3   7   6 701   1  48   1   8   1  44   1  52   1   2  36
   34  11]
 [  5  13  12  13   2   8   8 751  45   0  68  21  11  11  13  23  49   2
   15   3]
 [ 24  22  12   0  28   5  30   3 635  42  54  11  22   8  21   2  12  56
   35  10]
 [ 76  22   5   0  23  14   3   2  84 355  14   3   5  15   6   2  19   6
    6  33]
 [  8  39   1   0   0   9   3   9  45   4 801   8   3   4  36   0   3  11
   29   7]
 [ 32  13  12  56  30   8   8  21  18   6   2 679  51  20  43  11  28  15
    2  12]
 [ 14  38  17   5  11   7  35   5  28   7   1  54 647  10   8   3   4  33
   19  87]
 [  4   7  28  28   5  48   7   1  10  10   4  76  19 713   3   6   7   2
    8   9]
 [  8  39   6   2   7  29  63   1  12   0  28   2   6   2 792   0   6   7
   45   4]
 [  6   3   3  34  10  12   9  25   5   1   2   8   0   4   4 535  98  13
   57  12]
 [ 26  10   7  30  22  10  17  29  12   4  10  23   7   5  13  46 755   1
   38   4]
 [  4  14  56   2  15   5  47   7  36   9  11   8  47   5   4   2   1 684
   90   6]
 [  1  16   9  11  17   9  40  13  18   3  52   2  18   5  31   8  26 105
  658  16]
 [ 32  25  18  13   8  23  32   5  27   2  31  36 127  15  17  18   2  21
   29 585]]
              precision    recall  f1-score   support

           A       0.62      0.63      0.62      1040
       A:min       0.58      0.55      0.56      1092
          Ab       0.70      0.66      0.68       810
           B       0.57      0.48      0.52      1033
       B:min       0.65      0.59      0.62      1049
          Bb       0.70      0.69      0.69      1082
           C       0.59      0.67      0.63      1041
      C#:min       0.80      0.70      0.75      1073
           D       0.54      0.62      0.58      1032
         D/5       0.62      0.51      0.56       693
       D:min       0.70      0.79      0.74      1020
           E       0.62      0.64      0.63      1067
       E:min       0.55      0.63      0.59      1033
          Eb       0.75      0.72      0.73       995
           F       0.66      0.75      0.70      1059
          F#       0.75      0.64      0.69       841
      F#:min       0.64      0.71      0.67      1069
           G       0.63      0.65      0.64      1053
         G:7       0.57      0.62      0.60      1058
           N       0.66      0.55      0.60      1066

    accuracy                           0.64     20206
   macro avg       0.64      0.64      0.64     20206
weighted avg       0.64      0.64      0.64     20206

Interacao: 23
[[636  25   5  11  27  56  15  12  23  64   7  42  22   9   8   3  27   2
    7  15]
 [ 50 573  11   2   8  15  53   2  41  30  17  33  69   9  47   3  18  16
    7  44]
 [ 27  10 536  17   2   6   5  28  14   9   9   9   7  24   8   5  14  53
   19  17]
 [ 26  10  15 532 146  43  45  11   7   4   0  58  13  32   9  43  45  12
   26   9]
 [ 22   0   3  82 671  20  24   2  41  30   6  22  13  14   8  20  54  16
   19  10]
 [ 27   3   8  53  20 761  11   3   3  19  11  11   6  40  42  11   3   7
   18  23]
 [ 12  60   3   9   8   6 693  12  24   1   6   3  29   5  57   1   2  39
   29  21]
 [ 11   8  21  28   6   6   6 684  22   1  70  17   2  12   6  35  46   4
   29   4]
 [ 25  22  19   3  36   2  36  13 608  41  81   5  25   8  24   5   4  70
   31   1]
 [ 71  19   1   1  16  23   0   1  74 366   7   6   9  21   1   0   8   8
   14  36]
 [  5  27   0   1   6  11   3  21  65   4 768   4   3   6  28   4   1   9
   31   5]
 [ 45   6  15  60  27  15   6   7  10   2   0 701  45  18  35  10  17  25
    3  22]
 [  9  32  10   8  13  10  38   9  41  12   2  48 615   5  13   2  12  41
   28  81]
 [  7   4  32  30   8  49   3   1   4   9   4  93   8 719   3   6   6   5
    9  19]
 [  9  30   1   0   7  39  56  17  11   3  39   9   4   4 771   9   9   3
   37  11]
 [ 10   2   4  34  19   6   5  16   3   3   2   6   6   7   3 580  66   8
   69   9]
 [ 45  10   9  47  30  11  14  22  11   9   8  20   6   9  12  65 704   6
   34   3]
 [  6  21  73   2  20   9  33   3  37   9   6   4  51   5   6   2   3 714
   64  12]
 [  3  12  18   5  13  19  33  23  17   9  37   0  21   9  21  19  13  94
  680  25]
 [ 20  23  21  12  15  15  29  10  30   6  24  20 111  23  19  17   5  40
   24 565]]
              precision    recall  f1-score   support

           A       0.60      0.63      0.61      1016
       A:min       0.64      0.55      0.59      1048
          Ab       0.67      0.65      0.66       819
           B       0.57      0.49      0.53      1086
       B:min       0.61      0.62      0.62      1077
          Bb       0.68      0.70      0.69      1080
           C       0.63      0.68      0.65      1020
      C#:min       0.76      0.67      0.71      1018
           D       0.56      0.57      0.57      1059
         D/5       0.58      0.54      0.56       682
       D:min       0.70      0.77      0.73      1002
           E       0.63      0.66      0.64      1069
       E:min       0.58      0.60      0.59      1029
          Eb       0.73      0.71      0.72      1019
           F       0.69      0.72      0.70      1069
          F#       0.69      0.68      0.68       858
      F#:min       0.67      0.65      0.66      1075
           G       0.61      0.66      0.63      1080
         G:7       0.58      0.63      0.60      1071
           N       0.61      0.55      0.58      1029

    accuracy                           0.64     20206
   macro avg       0.64      0.64      0.64     20206
weighted avg       0.64      0.64      0.64     20206

Interacao: 24
[[635  53  11  11  26  45  12  15  19  63   3  33  11   6   8   6  39   3
    7  20]
 [ 61 643   8   5   5  17  35   0  25  30   9  22  59   3  34   1  11  24
   14  43]
 [ 35  20 535  25   4  12   3  24  27   8   3  13  15  34   5   9  10  20
   15  13]
 [ 38  12  10 517 132  43  61  18   5   4   0  49  26  22   8  46  31   7
   16  11]
 [ 26   3   1  65 706  15  35   3  47  24   8  16  11   9   6  18  37   5
   11   5]
 [ 24   1   6  45  26 742  14   3   9  20   6   5  12  41  53  14   4   6
   11  21]
 [  7  86   3   9  10  10 718   5  35   1   4   3  39   1  59   8   6  33
   28  21]
 [ 19  21  10  23   2   4   5 722  25   2  68  17  12  10   8  34  34   3
   18   9]
 [ 21  26   9   3  35   4  30   6 669  43  63   7  25   5  26   4  13  52
   24   8]
 [ 88  28   4   0  24  15   6   1 101 378   9   2  18   9   1   2   6  14
   15  21]
 [  3  42   3   0   4   9   1   4  56   2 814   5   6   3  24   1  12   6
   23  12]
 [ 37  24   6  44  45  12   7  16  10   3   2 610  41  27  26  13  20  19
    3  17]
 [ 13  25  13   5  22   6  46  15  26   8   0  47 636   2   1   2  10  31
   10  79]
 [  4   4  41  30   7  48   8   4   7  13   3  73  17 716   0  10   3   2
    8  11]
 [  7  46   4   3   5  42  55   6  12   4  47  12   5   1 769   1   6   6
   28   4]
 [  3   0   1  34  25  14   5  26   9   5   2   5   5   9   9 590  54   9
   45  12]
 [ 39  14  15  49  54   5   9  35   5  11   8  21   5   5   4  91 634   3
   30   3]
 [  5  12  45   5  22  10  42   4  37  13   6   2  35   0   8   7   2 723
   64  20]
 [  1  16  20   8  13  23  43  14  23   3  55   3  25   7  24  26  20  89
  625  11]
 [ 36  36  16  26   9  28  17  13  20   8  28  17 106  18  19  20  11  23
   17 622]]
              precision    recall  f1-score   support

           A       0.58      0.62      0.60      1026
       A:min       0.58      0.61      0.60      1049
          Ab       0.70      0.64      0.67       830
           B       0.57      0.49      0.53      1056
       B:min       0.60      0.67      0.63      1051
          Bb       0.67      0.70      0.68      1063
           C       0.62      0.66      0.64      1086
      C#:min       0.77      0.69      0.73      1046
           D       0.57      0.62      0.60      1073
         D/5       0.59      0.51      0.55       742
       D:min       0.72      0.79      0.75      1030
           E       0.63      0.62      0.63       982
       E:min       0.57      0.64      0.60       997
          Eb       0.77      0.71      0.74      1009
           F       0.70      0.72      0.71      1063
          F#       0.65      0.68      0.67       862
      F#:min       0.66      0.61      0.63      1040
           G       0.67      0.68      0.68      1062
         G:7       0.62      0.60      0.61      1049
           N       0.65      0.57      0.61      1090

    accuracy                           0.64     20206
   macro avg       0.65      0.64      0.64     20206
weighted avg       0.65      0.64      0.64     20206

Interacao: 25
[[665  33  10   7  15  61  16  13  21  96  12  40   9   8  17   2  33   3
    7  13]
 [ 51 649   7   6   2  13  41   2  23  31  29  41  74   4  52   3  18  22
   16  20]
 [ 34   9 529  13   1   9   8  17  15  10   4  15   5  19   7   1  11  25
   21   8]
 [ 30  15  13 545 113  51  38  23   6   3   1  58  22  11  13  41  30   9
   21  12]
 [ 14   6   4  82 647  19  26   2  40  40   4  27  28   7   6  21  48   9
   15   5]
 [ 19   7  10  66  15 697  14   5   4  21  11  10  13  28  32  11   6   3
   20  22]
 [ 14  74   8  13   6   7 700   4  30   2   4   3  42   2  48   5   5  31
   37  13]
 [ 17  10  15  22   0   6   7 735  29   2  55  16  13  16  19  24  48   2
   17   4]
 [ 29  30  12   3  36   1  33   8 614  57  86   7  19  16  15   2   5  35
   33   4]
 [ 58  33   4   0  16  12   2   0  70 458   8   4   8  13   3   2   9   7
    9  17]
 [  2  34   0   0   1  13   1  16  42   2 826   6   3   2  33   0   6   6
   26   7]
 [ 35  12  10  51  38   7   4  19   9   8   1 722  46  19  31  10  20  17
    8   7]
 [ 16  38  20   7  16   6  41  13  29  12   2  37 668   3   5   2   8  39
   29  66]
 [  7   3  36  33   3  64   4   5   6  14   3  80  16 674   6   6  14   7
    8  22]
 [  5  56   1   4   5  45  55   7  11   5  37   5   2   0 786   0   7   7
   45  10]
 [  8   0   4  41   8   7   6  30   6   8   1   6   5   5   6 538  87   6
   55  12]
 [ 35  11   9  36  22  12   9  36   6   8   6  24   9   4   8  55 686   3
   49   4]
 [  2  24  56   3  18  11  38   5  43   9   9   8  36   4   5   3   2 637
  106  11]
 [  3  13  27   7  10  11  38  11  32  12  51   3  26   8  31  13  21  73
  646  12]
 [ 28  33  20   9  13  22  49  15  22  12  24  33 129  13  18   7   7  25
   37 532]]
              precision    recall  f1-score   support

           A       0.62      0.62      0.62      1081
       A:min       0.60      0.59      0.59      1104
          Ab       0.67      0.70      0.68       761
           B       0.57      0.52      0.54      1055
       B:min       0.66      0.62      0.64      1050
          Bb       0.65      0.69      0.67      1014
           C       0.62      0.67      0.64      1048
      C#:min       0.76      0.70      0.73      1057
           D       0.58      0.59      0.58      1045
         D/5       0.57      0.62      0.59       733
       D:min       0.70      0.81      0.75      1026
           E       0.63      0.67      0.65      1074
       E:min       0.57      0.63      0.60      1057
          Eb       0.79      0.67      0.72      1011
           F       0.69      0.72      0.70      1093
          F#       0.72      0.64      0.68       839
      F#:min       0.64      0.66      0.65      1032
           G       0.66      0.62      0.64      1030
         G:7       0.54      0.62      0.57      1048
           N       0.66      0.51      0.58      1048

    accuracy                           0.64     20206
   macro avg       0.64      0.64      0.64     20206
weighted avg       0.64      0.64      0.64     20206

Interacao: 26
[[619  40  13   7  31  58  12  11   4  86   4  24   7  13   8   6  24   6
    7  20]
 [ 37 614  11   8   8  15  50   6  28  24  24  37  52   3  44   2  10  34
   15  34]
 [ 23  16 520  14   4  16   9  26   5  13   9  13   5  28   3   9   9  36
   22   4]
 [ 19  13  19 479 179  47  54  14   3   3   4  76  15  18   6  47  37   9
   21   8]
 [ 16   0   2  60 708  24  30   2  31  43   4  15  16   8   6  25  28  10
   22   7]
 [ 19   3   3  37  22 746  13   8  10  12  10  11   2  46  46  12   5   2
   11  18]
 [ 11  78   2  17  11   8 734   2  29   4   6   4  45   2  53   1   2  35
   34  12]
 [  6   8  14  19   2   2   8 749   6   4  70  21   7  14   8  33  39   4
   18   5]
 [ 13  29  25   7  44   4  32  12 618  76  89   9  17   8  17   1   5  51
   42   7]
 [ 59  21   5   2  15  28   3   1  48 418  11   3   9  15   0   0   9   5
    8  18]
 [  0  31   2   0   6  10   2  22  39  12 828   1   1   3  46   1   5   8
   37  11]
 [ 49  17   9  39  44  14   6  16  11   3   2 688  33  26  31  14  19  17
    3  22]
 [  8  42   8   5  27   8  42   8  18  25   3  58 618   2   8   2   8  42
   31  86]
 [  5   3  33  27   8  29   3  10   3  19   4  68   8 745   2  13   6   3
   10  14]
 [  8  42   1   3   5  39  64  11   9   1  34   5   9   2 796   3  16   6
   43   9]
 [  6   5   4  31  13  13   4  21   2   9   2  14   1   7   2 556  65   8
   50   9]
 [ 39  16  12  25  51  14  11  59   5  19   3  18   3   7   6  83 672   3
   22   8]
 [  5  12  38   2  23   8  39   6  28   7   7   4  53   5   9   2   2 690
   64  10]
 [  5  13  12  12  21  20  29  15  18   7  54   2  22  12  19  17  25  83
  643  13]
 [ 23  28  10  12  22  31  30  19  22  12  19  30  89  19  17  19   8  30
   31 570]]
              precision    recall  f1-score   support

           A       0.64      0.62      0.63      1000
       A:min       0.60      0.58      0.59      1056
          Ab       0.70      0.66      0.68       784
           B       0.59      0.45      0.51      1071
       B:min       0.57      0.67      0.62      1057
          Bb       0.66      0.72      0.69      1036
           C       0.62      0.67      0.65      1090
      C#:min       0.74      0.72      0.73      1037
           D       0.66      0.56      0.60      1106
         D/5       0.52      0.62      0.57       678
       D:min       0.70      0.78      0.74      1065
           E       0.62      0.65      0.64      1063
       E:min       0.61      0.59      0.60      1049
          Eb       0.76      0.74      0.75      1013
           F       0.71      0.72      0.71      1106
          F#       0.66      0.68      0.67       822
      F#:min       0.68      0.62      0.65      1076
           G       0.64      0.68      0.66      1014
         G:7       0.57      0.62      0.59      1042
           N       0.64      0.55      0.59      1041

    accuracy                           0.64     20206
   macro avg       0.64      0.64      0.64     20206
weighted avg       0.65      0.64      0.64     20206

Interacao: 27
[[656  40  14  10  20  48  12   9  19  62   9  31  12   9   8   3  33   5
    8  19]
 [ 72 601  10   6   8  21  48   3  39  25  18  23  65   5  40   4  12  37
   14  25]
 [ 21   9 557  29   3   8   6  23  13   5   6  11  11  24  10   5  13  48
   19   7]
 [ 27  24   8 556  93  27  64  14   4   5   1  55  28  21  11  32  28   9
   14   6]
 [ 19   1   4 109 668  14  34   4  42  25   7  19  17  14   5  18  43   9
    6   5]
 [ 20   2  10  60  17 768  12   6   7   4  10   4   9  40  51  12   7   8
   18  25]
 [  9  52   1   8   8   2 741   1  28   2  12   1  41   3  60   0   2  41
   28  10]
 [ 12  11  14  20   8   2  10 709  33   0  67  19  11  19   8  32  46   4
   23   3]
 [ 26  18  17   5  27   1  25   5 630  42  85   9  34  12  22   3   2  71
   26   3]
 [ 67  28   4   4  21  25   1   0 106 369   9   1  17  10   0   0  15   9
   14  18]
 [  5  26   0   0   2   4  13  10  51   4 815   6   3   2  33   0   3  11
   28  10]
 [ 30  18  12  60  28   9   2  11  15  13   3 639  60  38  24  18  19  12
    0  13]
 [ 17  39   6   2  18   4  57   2  31   4   0  35 673   6   9   1  11  26
   15  79]
 [  5   5  35  32   3  50   5   2   3   6   4  59  16 733   7   9   3   4
   13   9]
 [ 11  24   4   2  10  44  62   8  12   3  47  12   6   1 740   3   6   6
   32   9]
 [  2   0   1  41  13  11   4  16   7  11   1   9   5   7   2 553  70   7
   56  11]
 [ 52  15   9  46  43  12   8  28   7  12   7  17   9   7   4  61 699   4
   36   2]
 [  4  17  42   3  21   5  53   0  38  12   8   6  41   3   8   3   0 734
   56  11]
 [  0  11  10   8  18  22  40  17  34   3  41   3  22  11  30  23  12  99
  630  21]
 [ 39  41  23  14   8  19  46  13  25  10  33  24 148  17  18  14   2  33
   21 510]]
              precision    recall  f1-score   support

           A       0.60      0.64      0.62      1027
       A:min       0.61      0.56      0.58      1076
          Ab       0.71      0.67      0.69       828
           B       0.55      0.54      0.54      1027
       B:min       0.64      0.63      0.64      1063
          Bb       0.70      0.70      0.70      1090
           C       0.60      0.71      0.65      1050
      C#:min       0.80      0.67      0.73      1051
           D       0.55      0.59      0.57      1063
         D/5       0.60      0.51      0.55       718
       D:min       0.69      0.79      0.74      1026
           E       0.65      0.62      0.64      1024
       E:min       0.55      0.65      0.59      1035
          Eb       0.75      0.73      0.74      1003
           F       0.68      0.71      0.69      1042
          F#       0.70      0.67      0.68       827
      F#:min       0.68      0.65      0.66      1078
           G       0.62      0.69      0.65      1065
         G:7       0.60      0.60      0.60      1055
           N       0.64      0.48      0.55      1058

    accuracy                           0.64     20206
   macro avg       0.65      0.64      0.64     20206
weighted avg       0.65      0.64      0.64     20206

Interacao: 28
[[659  46  12   5  21  63  13   7  15  55   4  43  12   7  11   4  25   5
   11  14]
 [ 63 624   6   8   4  21  41   9  30  32  20  33  74   4  43   1  14  17
   16  43]
 [ 31  15 549  21   2  10   7  20  14   9   6  19   9  36   4   7  14  29
   18  13]
 [ 25  16  10 541  88  46  60  23   5   4   0  58  30  20  10  51  31  10
   23   8]
 [ 22   2   5  83 618  22  22   1  47  36   5  23  13   5  13  19  53   9
   13  10]
 [ 28   1   2  57  16 732  10   7  13   8  11   8  11  30  42  17   3   5
   10  16]
 [ 12  51   4  13   5   7 727   6  33   1   4   5  56   0  54   1   3  26
   22  13]
 [ 10  11   5  27   2   1   6 753  16   4  58  24   9   7   9  33  41   8
   11   1]
 [ 30  27  14   2  39   7  22  18 597  56  84  10  29  13  22   2   9  41
   33   9]
 [ 95  29   5   2  18  21   3   3  65 384  12   2   8  17   3   2  14   2
    5  21]
 [  3  33   2   1   4  11   2  30  55   4 812   2   1   3  34   0   9  11
   36  10]
 [ 31  11  15  46  23   6   8  17  10   6   1 718  52  23  35  10  22  24
    6  13]
 [ 17  43   7   2  21  12  62   8  28  16   0  42 627   7   8   3   5  30
   14  79]
 [  6   4  40  26   9  49   8   4   2  12   2  97  12 679   2   8   6   1
    9  15]
 [ 13  26   4   2   3  42  52   3  13   1  29   3   6   2 808   0   8   5
   29   3]
 [  3   1   3  32  14   9   2  17   5   2   3   5   4   3   7 580  70   8
   34  14]
 [ 37  14  12  47  39  11  14  36  11   8   5  26   5   4   9  54 698   1
   42   4]
 [  1  22  50  11  12   4  42   1  41  12   5   8  48   5   4   1   6 703
   71  16]
 [  2  17  25  18  16  12  41  18  28   7  53   1  31   1  38  37   8  66
  654  31]
 [ 28  25  10  16   8  31  31  22  18   6  16  27 115  15  19  23   4  20
   25 544]]
              precision    recall  f1-score   support

           A       0.59      0.64      0.61      1032
       A:min       0.61      0.57      0.59      1103
          Ab       0.70      0.66      0.68       833
           B       0.56      0.51      0.54      1059
       B:min       0.64      0.61      0.62      1021
          Bb       0.66      0.71      0.68      1027
           C       0.62      0.70      0.66      1043
      C#:min       0.75      0.73      0.74      1036
           D       0.57      0.56      0.57      1064
         D/5       0.58      0.54      0.56       711
       D:min       0.72      0.76      0.74      1063
           E       0.62      0.67      0.64      1077
       E:min       0.54      0.61      0.57      1031
          Eb       0.77      0.69      0.73       991
           F       0.69      0.77      0.73      1052
          F#       0.68      0.71      0.70       816
      F#:min       0.67      0.65      0.66      1077
           G       0.69      0.66      0.67      1063
         G:7       0.60      0.59      0.60      1104
           N       0.62      0.54      0.58      1003

    accuracy                           0.64     20206
   macro avg       0.64      0.64      0.64     20206
weighted avg       0.64      0.64      0.64     20206

Interacao: 29
[[667  46   8  14  22  49   8  15  11  68   8  44  13   9  11   5  23  10
    6  12]
 [ 48 668  11   8   4  14  43   1  24  19  15  18  55   2  42   1  11  29
   15  28]
 [ 34  14 538  24   0   7   7  28  17   5  11   4  12  17  10   3   7  25
   21   6]
 [ 28  15  14 520 146  39  57  19   1   3   1  45  16  23  13  24  34  14
   21  11]
 [ 21   3   3  70 682  16  23   4  34  41   5   9  16  10   3  13  32  12
   20   4]
 [ 34   6   7  62  17 768   9  13   5  21   6  10   5  44  47  12   5   8
    8  18]
 [  4  91   6  14  16  11 738   1  30   2   8   0  47   1  50   0   1  66
   25  12]
 [  8  16  12  18   5   2   7 747   8   3  60  13  10  20  18  16  42   6
   17   3]
 [ 37  26  22   4  45   3  28   7 597  59  84   6  26   9  26   0   7  55
   27   5]
 [ 70  36   7   2  21  11   5   1  71 397  10   1   7  17   2   0  10   8
   16  22]
 [  4  51   3   0   4  16   5   7  49   3 806   2   7   3  32   0   6  14
   20  10]
 [ 43  10  14  55  36  11   0  15  11   5   4 707  61  28  27   3  17  19
    1  17]
 [ 12  44  14   7  23   3  53   6  19  16   3  35 636   6   7   0   7  36
   24  87]
 [ 12   4  38  39   5  49   6   6   2  18   2  79  20 659   1   8   6  12
   14  13]
 [  9  41   1   2   8  34  49   7   7   5  34   9   0   2 758   0   5   6
   22  14]
 [  7   3   6  42  19  17  11  39   3   3   2   3   1   7   8 540  75   8
   59  13]
 [ 29  16  12  43  40  12   7  42   8   7  14  20   8   6   8  51 680   3
   32   6]
 [  4  32  49   5  14   6  32   3  18  15   5   4  40   1   9   1   5 719
   60  12]
 [  0  23  25   4   9  20  39  21  11  11  57   3  21   7  33  14  14 120
  586  13]
 [ 20  36  15  16  11  26  41  10  15  13  29  29  96  18  22  20   2  31
   25 580]]
              precision    recall  f1-score   support

           A       0.61      0.64      0.62      1049
       A:min       0.57      0.63      0.60      1056
          Ab       0.67      0.68      0.67       790
           B       0.55      0.50      0.52      1044
       B:min       0.61      0.67      0.64      1021
          Bb       0.69      0.70      0.69      1105
           C       0.63      0.66      0.64      1123
      C#:min       0.75      0.72      0.74      1031
           D       0.63      0.56      0.59      1073
         D/5       0.56      0.56      0.56       714
       D:min       0.69      0.77      0.73      1042
           E       0.68      0.65      0.67      1084
       E:min       0.58      0.61      0.60      1038
          Eb       0.74      0.66      0.70       993
           F       0.67      0.75      0.71      1013
          F#       0.76      0.62      0.68       866
      F#:min       0.69      0.65      0.67      1044
           G       0.60      0.70      0.64      1034
         G:7       0.58      0.57      0.57      1031
           N       0.65      0.55      0.60      1055

    accuracy                           0.64     20206
   macro avg       0.65      0.64      0.64     20206
weighted avg       0.65      0.64      0.64     20206

