Interacao: 0
              precision    recall  f1-score   support

           A       0.64      0.65      0.64      1107
       A:min       0.56      0.59      0.57      1007
          Ab       0.74      0.62      0.68       833
           B       0.59      0.47      0.52      1102
       B:min       0.62      0.62      0.62      1070
          Bb       0.65      0.69      0.67      1043
           C       0.61      0.66      0.64      1029
      C#:min       0.75      0.73      0.74      1043
           D       0.57      0.59      0.58      1048
         D/5       0.53      0.58      0.56       715
       D:min       0.75      0.76      0.76      1080
           E       0.65      0.61      0.63      1074
       E:min       0.59      0.60      0.60      1049
          Eb       0.73      0.71      0.72      1025
           F       0.67      0.73      0.70      1023
          F#       0.72      0.66      0.69       873
      F#:min       0.69      0.66      0.67      1015
           G       0.60      0.67      0.63      1023
         G:7       0.57      0.62      0.59      1028
           N       0.62      0.58      0.60      1019

    accuracy                           0.64     20206
   macro avg       0.64      0.64      0.64     20206
weighted avg       0.64      0.64      0.64     20206

Interacao: 1
              precision    recall  f1-score   support

           A       0.61      0.61      0.61      1051
       A:min       0.60      0.55      0.57      1047
          Ab       0.72      0.65      0.68       859
           B       0.52      0.51      0.51      1044
       B:min       0.60      0.62      0.61      1011
          Bb       0.66      0.68      0.67      1045
           C       0.60      0.68      0.63       979
      C#:min       0.77      0.69      0.73      1044
           D       0.58      0.57      0.57      1001
         D/5       0.58      0.55      0.57       713
       D:min       0.67      0.79      0.73      1044
           E       0.65      0.66      0.66      1137
       E:min       0.55      0.63      0.59      1039
          Eb       0.76      0.73      0.75      1032
           F       0.70      0.72      0.71      1098
          F#       0.73      0.63      0.68       896
      F#:min       0.67      0.65      0.66      1114
           G       0.65      0.65      0.65      1009
         G:7       0.53      0.65      0.58       975
           N       0.65      0.50      0.56      1068

    accuracy                           0.64     20206
   macro avg       0.64      0.64      0.64     20206
weighted avg       0.64      0.64      0.64     20206

Interacao: 2
              precision    recall  f1-score   support

           A       0.59      0.64      0.61      1038
       A:min       0.63      0.54      0.58      1068
          Ab       0.68      0.72      0.70       833
           B       0.58      0.49      0.53      1070
       B:min       0.64      0.61      0.63      1086
          Bb       0.65      0.74      0.69      1072
           C       0.61      0.68      0.64      1063
      C#:min       0.77      0.68      0.73      1043
           D       0.54      0.60      0.57      1030
         D/5       0.58      0.55      0.56       698
       D:min       0.72      0.76      0.74      1060
           E       0.60      0.69      0.64      1015
       E:min       0.62      0.60      0.61      1052
          Eb       0.73      0.68      0.70       976
           F       0.69      0.73      0.71      1036
          F#       0.71      0.67      0.69       853
      F#:min       0.69      0.63      0.66      1088
           G       0.64      0.65      0.64      1051
         G:7       0.55      0.63      0.59      1007
           N       0.63      0.54      0.58      1067

    accuracy                           0.64     20206
   macro avg       0.64      0.64      0.64     20206
weighted avg       0.64      0.64      0.64     20206

