Interacao: 0
[[7994  159    3   63   79  357   65   45  572    6   67  522   58   17
    39   11  207  213    7  275]
 [ 851  916    1    1    6   26  201    0  164    0    7  142   67    0
    60    0   12  110    0   57]
 [ 173    0  368   15    1   15   14   14   28    0    2   24    5   21
     3    6    6  101    3   23]
 [ 154    0    5 1060  338  266  395   24   30    2    0  293   14   14
    25   26  103  101    4   80]
 [ 102    2    7  109  846   28   50    0  195    0   11  121   11    3
     2   17   81   67    2   50]
 [ 230    1   17  114   50 1153   30    1   30    3   32   64    2   18
    70   16    8   46    3  102]
 [ 114  131   11   87   19   66 4960   30  125    0    9  139   52    6
   218    3    7  544    1  131]
 [  53    2    5   21    1    3   10  704   54    0   77  164    4    8
    15   25   34   20    9   17]
 [ 624   55   12   15  128   51  104    3 5264   12  220  158   21   98
    34   15   76  541    6  188]
 [ 307    4    3    0    2   15    5    0  282   10    2   11    4   18
     1    0    6   17    0   30]
 [  84   14    0    0    9   16    6    2  323    0  861   59    1    8
    64    4    0  122   14   15]
 [ 600   29    6  102  132   97  127   77  148    1   34 6035  167    0
   371   24   77  152    8  281]
 [ 156   49   14   15   31   15  102    6   56    0    3  499  659    2
     6    5    9  267    1  151]
 [  24    1   27   36    0   64    3    3   18    1    0  161    3  606
     2    8    1   19    1   55]
 [  74   37    3   14    0   86  245    2   45    0   67  181    3    2
  1584   60   40   85    5   83]
 [  10    0    1   30   18   32    9   24   15    0    2   26    0    0
     2  400  165   60    9   45]
 [ 171    0    0   31   45   21   19   31   48    0    1   56    2    0
    25  106 1157   60    9   17]
 [ 174   36   74   36   54   36  390   21  394    0   99  141   81   14
    91    9   12 6426   47  149]
 [  11    1   14   12    5   10   67   15   59    0   46   16    4    5
    26   13    5  698  129   89]
 [ 370   36   34   57   44   83  208   18  202    1   61  504   88   67
    70   26   34  396   22 2038]]
              precision    recall  f1-score   support

           A       0.65      0.74      0.69     10759
       A:min       0.62      0.35      0.45      2621
          Ab       0.61      0.45      0.52       822
           B       0.58      0.36      0.45      2934
       B:min       0.47      0.50      0.48      1704
          Bb       0.47      0.58      0.52      1990
           C       0.71      0.75      0.73      6653
      C#:min       0.69      0.57      0.63      1226
           D       0.65      0.69      0.67      7625
         D/5       0.28      0.01      0.03       717
       D:min       0.54      0.54      0.54      1602
           E       0.65      0.71      0.68      8468
       E:min       0.53      0.32      0.40      2046
          Eb       0.67      0.59      0.62      1033
           F       0.58      0.61      0.60      2616
          F#       0.52      0.47      0.49       848
      F#:min       0.57      0.64      0.60      1799
           G       0.64      0.78      0.70      8284
         G:7       0.46      0.11      0.17      1225
           N       0.53      0.47      0.49      4359

    accuracy                           0.62     69331
   macro avg       0.57      0.51      0.52     69331
weighted avg       0.61      0.62      0.61     69331

Interacao: 1
[[8082  230    5   85   36  429   75   39  610   27   30  429   48   29
    73   10  117  196    5  278]
 [ 760  979    2    2    5   40  170    1  164    2    8  132   34    0
    67    1    3  124    0   42]
 [ 176    7  359   19    0   12   20   14   32    0    0   15    1   45
     4    5    8  103    3   21]
 [ 149    9    0 1223  165  154  441   34   20    1    4  307   15   25
    51   29   80  113    0   89]
 [ 117    0    5  228  749   30   55    1  222    0    6  116    5    5
     4   16   61   50    4   60]
 [ 144    4   11  219   29 1101   34    2   56   11   29   79    2   26
    98    9    6   40    1  130]
 [ 107  145    5   32   14   49 5069   25  134    0    3   97   34   10
   230    5    1  514    5  130]
 [  46    4    5   20    0    5   22  706   56    0   49  128    2    5
    15   27   30   17    3   20]
 [ 656   53   13   17  106   75  129    2 5278   33  149  127   12  131
    52    6   36  537   10  147]
 [ 307    5    0    0    2   29    3    1  241   28    0    9    1   17
     2    1    4   15    0   36]
 [  87   24    0    2    7   15   10    0  384    2  756   51    2    6
    59    1    0  128   10   35]
 [ 626   50    4  151   77   98  170  110  190    2   36 5786  199    6
   453   27   59  165    4  318]
 [ 177   81    5   14   16    7  134    3   82    0    1  460  688    1
     4    4    2  232    1  175]
 [  31    0   20   24    0   59    7    3   12   14    1  147    6  634
     2    1    0   37    0   35]
 [  64   61    3   15    1   85  243    4   46    0   55  108    2    8
  1769   49   36   85    7   80]
 [  16    0    0   53   19   19    8   28   17    0    1   29    0    0
    10  408  156   66    6   47]
 [ 239    0    0   53   30   11   20   32   52    0    1   92    1    1
    21   86  975   53   11   16]
 [ 195   35   80   28   44   39  423   18  432    2   55  129   89   29
    71    3    6 6290   35  172]
 [  14    5   23    4    6    7   77   25   70    0   44   16   11   17
    14   27   12  674  112  109]
 [ 395   60   25   56   31   76  196   25  228    3   40  409   72   73
    85   21   27  414   22 2177]]
              precision    recall  f1-score   support

           A       0.65      0.75      0.70     10833
       A:min       0.56      0.39      0.46      2536
          Ab       0.64      0.43      0.51       844
           B       0.54      0.42      0.47      2909
       B:min       0.56      0.43      0.49      1734
          Bb       0.47      0.54      0.50      2031
           C       0.69      0.77      0.73      6609
      C#:min       0.66      0.61      0.63      1160
           D       0.63      0.70      0.66      7569
         D/5       0.22      0.04      0.07       701
       D:min       0.60      0.48      0.53      1579
           E       0.67      0.68      0.67      8531
       E:min       0.56      0.33      0.42      2087
          Eb       0.59      0.61      0.60      1033
           F       0.57      0.65      0.61      2721
          F#       0.55      0.46      0.50       883
      F#:min       0.60      0.58      0.59      1694
           G       0.64      0.77      0.70      8175
         G:7       0.47      0.09      0.15      1267
           N       0.53      0.49      0.51      4435

    accuracy                           0.62     69331
   macro avg       0.57      0.51      0.53     69331
weighted avg       0.61      0.62      0.61     69331

Interacao: 2
[[8004  311    9  123   37  289   92   44  579   21   32  513   49   24
    60    7  130  202    0  306]
 [ 697 1097    1    7    4   18  217    0  139    0    3  110   47    0
    57    0    6   92    6   57]
 [ 157    2  408   17    0   15   20   15   24    0    3   23    0   21
     1    2    8   88   11   29]
 [ 156    7    0 1439  146   40  457   30   23    0    5  292   12   13
    37   24   57   86    2   98]
 [  95    3    6  289  660   13   54    0  241    0    7  136   18    8
     3   11   64   50    4   65]
 [ 244    6    9  304   20  825   64    3   67    4   18   73    1   40
    94   17    9   44    0  131]
 [  99  150    2   38    5   29 5265   19  123    0    6  112   42   10
   172    0    0  454    9  128]
 [  51    6    7   27    1    2   10  655   75    0   42  161    2    6
    18   23   40   16   17   31]
 [ 686   91    8   11   85   26  142    1 5172   12  123  164   22  106
    40    7   37  524   10  151]
 [ 336   12    1    2    6   18    5    0  284   13    0    7    0   13
     3    3    1   12    0   31]
 [  74   39    0    1    4   14   14    0  393    0  748   58    3    4
    86    2    0  122   11   50]
 [ 574   66    2  211   70   61  179   49  176    0   24 6039  211    5
   421   13   62  160    2  347]
 [ 160  106    4   19   14    7  127    0   68    0    3  443  715    3
     6    2    3  236    5  174]
 [  31    0   26   43    0   26    3    4   42    1    2  155    4  621
     0    2    1   21    1   48]
 [  81   62    2   14    2   55  313    0   32    0   32  173    2    5
  1665   59   36   91    4   83]
 [  11    0    4   51   12    9    7   15   14    0    3   35    0    0
    11  398  146   51   14   62]
 [ 207    2    2   71   16   14   30   24   36    0    0  104    3    1
    18  105 1001   58    8   21]
 [ 155   39   74   24   42   19  512   15  406    1   48  144   84    9
    86    3    8 6176   55  206]
 [  13    8   16    4    9   10   86    9   70    0   28   19   12    3
    31   17   10  694  161   84]
 [ 388   66   26   74   31   36  250   22  226    1   34  457   82   61
    59   21   18  345   25 2147]]
              precision    recall  f1-score   support

           A       0.66      0.74      0.69     10832
       A:min       0.53      0.43      0.47      2558
          Ab       0.67      0.48      0.56       844
           B       0.52      0.49      0.51      2924
       B:min       0.57      0.38      0.46      1727
          Bb       0.54      0.42      0.47      1973
           C       0.67      0.79      0.73      6663
      C#:min       0.72      0.55      0.63      1190
           D       0.63      0.70      0.66      7418
         D/5       0.25      0.02      0.03       747
       D:min       0.64      0.46      0.54      1623
           E       0.66      0.70      0.68      8672
       E:min       0.55      0.34      0.42      2095
          Eb       0.65      0.60      0.63      1031
           F       0.58      0.61      0.60      2711
          F#       0.56      0.47      0.51       843
      F#:min       0.61      0.58      0.60      1721
           G       0.65      0.76      0.70      8106
         G:7       0.47      0.13      0.20      1284
           N       0.51      0.49      0.50      4369

    accuracy                           0.62     69331
   macro avg       0.58      0.51      0.53     69331
weighted avg       0.61      0.62      0.61     69331

