Interacao: 0
[[8136  168    2  105   52  366   92   45  469    1   29  610   62   27
    69   14  153  224    2  222]
 [ 852  903    1    2    3   33  198    0  133    0    5  132   53    2
    70    1    5  121    1   48]
 [ 178    4  328   21    2   16   26   14   31    0    1   23    0   34
     3    5    7   76    6   25]
 [ 157    6    2 1263  226   60  445   32   21    0    1  330   14   26
    26   29   96  108    0   96]
 [ 113    4    3  211  748   11   45    1  179    0    2  143    8    4
     2   14   72   66    6   46]
 [ 242    2   20  319   48  837   55    0   42    0   32  105    1   41
   107   39   17   42    3  108]
 [  95  117   12   45   19   44 4978   50  119    0    5  151   48    6
   189    1    4  560    4   97]
 [  46    0    5   19    1    2   33  647   66    0   56  190    1   11
    17   18   48   18    7   19]
 [ 784   66   15   26  131   58  157    1 5082    6  183  151   25  107
    44   10   86  565    3  141]
 [ 365    5    1    0    4   25    6    1  211    6    1    6    2   22
     1    0    2   17    0   29]
 [  91   15    4    1   11   12    9    0  341    0  799   56    9    9
    43    3    0  149    7   25]
 [ 557   40    7  156  101   61  136   64  163    2   28 6085  170    9
   425   20   64  160    4  271]
 [ 137   63    9   23   28    8   98    4   80    0    3  539  651    4
     1    2    1  278    4  138]
 [  36    0   28   25    0   41    7    1    7    0    0  153    6  606
     4    6    2   19    3   34]
 [  80   57    4   10    1   67  302    1   28    0   51  196    5    5
  1609   49   49  105    6   53]
 [  22    0    1   46   11    8   17   26   13    0    5   44    0    0
    15  358  165   62   11   35]
 [ 199    0    2   52   44    8   20   37   61    0    0   90    3    0
    24   83 1050   82    6   22]
 [ 188   28  106   26   43   22  422   22  371    0   63  159  105   15
    88    6    7 6413   46  174]
 [  16    0   25    3    6    8   67   24   59    0   39   15   14   16
    40   21    7  683   88   83]
 [ 453   41   38   54   37   63  204   34  205    0   44  556   80   68
    61   21   35  384   17 1982]]
              precision    recall  f1-score   support

           A       0.64      0.75      0.69     10848
       A:min       0.59      0.35      0.44      2563
          Ab       0.54      0.41      0.46       800
           B       0.52      0.43      0.47      2938
       B:min       0.49      0.45      0.47      1678
          Bb       0.48      0.41      0.44      2060
           C       0.68      0.76      0.72      6544
      C#:min       0.64      0.54      0.59      1204
           D       0.66      0.67      0.66      7641
         D/5       0.40      0.01      0.02       704
       D:min       0.59      0.50      0.55      1584
           E       0.63      0.71      0.67      8523
       E:min       0.52      0.31      0.39      2071
          Eb       0.60      0.62      0.61       978
           F       0.57      0.60      0.58      2678
          F#       0.51      0.43      0.47       839
      F#:min       0.56      0.59      0.57      1783
           G       0.63      0.77      0.70      8304
         G:7       0.39      0.07      0.12      1214
           N       0.54      0.45      0.49      4377

    accuracy                           0.61     69331
   macro avg       0.56      0.49      0.51     69331
weighted avg       0.60      0.61      0.60     69331

Interacao: 1
[[7820  208    9  128   28  395   89   48  506   10   32  655   57   29
    60    8  140  199    5  259]
 [ 736 1014    2    6    5   33  192    0  148    0    8  167   44    3
    61    2    3   99    0   48]
 [ 176    2  334   24    1   20   30   13   19    0    8   32    0   53
     0    3   11   73    5   33]
 [ 146    6    7 1416  153   63  475   20   16    0    1  281   11   34
    48   39   79  103    4   98]
 [ 112    2    7  276  689   17   53    1  178    0   12  159    9    4
     2   15   69   71    4   55]
 [ 199    2   20  293   18  826   36    0   37    3   25   95    2   43
   104   25    9   44    3  113]
 [  92  157    9   49   18   44 4997   53  117    0    7  144   53   10
   222    3    5  572    8  128]
 [  38    3   17   26    0    1   28  669   55    0   63  195    2   10
    14   23   38   15    5   18]
 [ 718   68   20   10  106   60  136    2 5122   11  226  209   19  150
    47   10   51  533   13  153]
 [ 316   16    0    2    5   41    6    1  215   21    3   12    1   20
     0    0    6   12    0   33]
 [  84   30    3    0   11   12    9    0  352    0  785   67    3    6
    50    4    1  112   16   19]
 [ 525   42   12  209   70   57  150   74  160    0   33 6131  130    6
   460   20   59  156    7  303]
 [ 131   78   10   32   10   11  106    3   71    0    3  565  614   10
     4    7    1  241    2  128]
 [  37    0   14   33    0   40    8    2    9    1    1  169    6  591
     3    4    0   26    3   41]
 [  79   61    2   10    1   43  289    1   20    0   58  181    1    7
  1669   49   55   78   13   82]
 [  15    0    3   57   15   18    8   28   17    0    3   41    0    1
     7  366  180   56    8   53]
 [ 186    1    1   62   38    6   28   31   69    0    2  107    0    1
    11   91 1023   57   18   32]
 [ 166   45   85   35   33   28  351   28  418    1   84  190  117   19
    90    9   10 6321   56  162]
 [   9    5   16   11    6    6   77   19   55    1   42   24   11    9
    27   31   16  649  140   99]
 [ 340   51   48   64   26   56  215   25  195    0   61  538   68   73
    63   21   37  398   39 1983]]
              precision    recall  f1-score   support

           A       0.66      0.73      0.69     10685
       A:min       0.57      0.39      0.46      2571
          Ab       0.54      0.40      0.46       837
           B       0.52      0.47      0.49      3000
       B:min       0.56      0.40      0.46      1735
          Bb       0.46      0.44      0.45      1897
           C       0.69      0.75      0.72      6688
      C#:min       0.66      0.55      0.60      1220
           D       0.66      0.67      0.66      7664
         D/5       0.44      0.03      0.06       710
       D:min       0.54      0.50      0.52      1564
           E       0.62      0.71      0.66      8604
       E:min       0.53      0.30      0.39      2027
          Eb       0.55      0.60      0.57       988
           F       0.57      0.62      0.59      2699
          F#       0.50      0.42      0.46       876
      F#:min       0.57      0.58      0.58      1764
           G       0.64      0.77      0.70      8248
         G:7       0.40      0.11      0.17      1253
           N       0.52      0.46      0.49      4301

    accuracy                           0.61     69331
   macro avg       0.56      0.49      0.51     69331
weighted avg       0.60      0.61      0.60     69331

Interacao: 2
[[7655  268    1  137   33  373   90   42  604   13   24  664   71   36
    66   10  171  234    4  313]
 [ 720  963    3    3    2   25  186    0  145    0    7  168   65    1
    58    0    3  130    0   43]
 [ 180    3  341   26    1   12   27   11   24    1    1   28    1   40
     1    8    8   84   14   38]
 [ 136    5    5 1501  128   51  452   18   31    1    1  295   11   17
    34   24   45   90    1   93]
 [ 109    0   16  314  650   24   36    1  198    0   10  158   11    9
     3    8   62   61    5   64]
 [ 188    9   19  370   25  807   46    8   40    4   34   99    0   59
   113   23    6   42    3  126]
 [  85  146    9   67   15   53 4933   55  127    0    8  132   68    8
   199    6    6  542    3  130]
 [  40    3   10   37    0    2   24  671   77    0   59  179    1   13
    19   25   32    6    9   23]
 [ 645   87   27   24  109   38  126    0 5200   13  160  184   18  114
    51    8   64  525   11  135]
 [ 370   12    1    0    4   29    6    0  257   10    2   16    2   18
     1    0    2   12    0   33]
 [  75   28    2    5   12   11    5    3  378    0  727   70    5    5
    56    2    1  141    7   29]
 [ 473   27    5  234   63   53  148   69  183    0   26 6082  141    4
   468   22   45  159    2  267]
 [ 100   73    5   31   14    9  130    0   84    0    0  556  597    2
     5    3    4  254    2  141]
 [  16    3   24   44    0   37    3    1   14    5    1  169    1  634
     4    4    1   21    2   40]
 [  73   51    2   19    0   60  280    3   29    0   39  211    4    5
  1719   44   40   80    8   82]
 [  27    0    2   77    5    9   12   35   11    0    0   24    0    0
     8  366  154   61    9   32]
 [ 186    1    2   72   33   12   20   33   70    0    3  112    0    1
     9   86  975   64   13   27]
 [ 162   44   85   50   32   26  380   19  453    0   70  165  112   16
    99    7    6 6360   52  173]
 [  18    2    8    6    2    2   80   31   44    0   41   30   17    8
    45   14    9  695  122  107]
 [ 381   68   42   74   26   63  189   25  233    5   43  536   74   68
    80   30   30  374   11 2005]]
              precision    recall  f1-score   support

           A       0.66      0.71      0.68     10809
       A:min       0.54      0.38      0.45      2522
          Ab       0.56      0.40      0.47       849
           B       0.49      0.51      0.50      2939
       B:min       0.56      0.37      0.45      1739
          Bb       0.48      0.40      0.43      2021
           C       0.69      0.75      0.72      6592
      C#:min       0.65      0.55      0.60      1230
           D       0.63      0.69      0.66      7539
         D/5       0.19      0.01      0.02       775
       D:min       0.58      0.47      0.52      1562
           E       0.62      0.72      0.66      8471
       E:min       0.50      0.30      0.37      2010
          Eb       0.60      0.62      0.61      1024
           F       0.57      0.63      0.59      2749
          F#       0.53      0.44      0.48       832
      F#:min       0.59      0.57      0.58      1719
           G       0.64      0.77      0.70      8311
         G:7       0.44      0.10      0.16      1281
           N       0.51      0.46      0.49      4357

    accuracy                           0.61     69331
   macro avg       0.55      0.49      0.51     69331
weighted avg       0.60      0.61      0.60     69331

